id,placeName,areaId,min_x,min_y,min_z,max_x,max_y,max_z,connectionAreaIds
0,BombsiteB,60,-1575,1950,0.03125,-1400,2150,0.03125,1643;1648;8550;9029;9038;1350;1640
1,Catwalk,66,50,1350,0.03125,275,1525,0.03125,4056;7543;8775
2,TopofMid,67,-150,300,0.03125,150,475,0.03125,7759;7762;5367;5371;8111;8109;8984
3,ExtendedA,95,300,2025,96.0312,425,2150,96.0312,4048;133;8782;303
4,TRamp,106,-2175,-975,128.031,-2075,-700,128.031,6431;1696;7004;6994;5457;5517;6089;6094;6451;6452
5,Catwalk,123,-225,1400,0.03125,-125,1525,0.03125,317;1085;8775;8777
6,ExtendedA,133,425,2050,96.0312,525,2150,96.0312,8799;8782;95
7,BombsiteA,152,1050,2325,96.0312,1125,2425,96.0312,1213;7549;8981;1402;8638;8639
8,TunnelStairs,157,-1150,1225,-95.9688,-1025,1325,-111.969,529;1162;1163;1290
9,TSpawn,197,375,-850,0.03125,425,-675,0.03125,1984;2030;2033;7240;7210
10,OutsideTunnel,212,-1450,550,32.0312,-1325,600,32.0312,8232;8205;3951
11,TopofMid,240,-275,700,0.03125,-225,750,0.03125,1713;1082;5236
12,UnderA,242,900,2025,-30.8552,1025,2075,0.03125,8690;8677;8672
13,TRamp,257,-2075,-650,128.031,-2050,-375,61.8948,6994;8370;3938;5457;5570;6092
14,ExtendedA,301,275,2425,96.0312,300,2550,96.0312,8781;1723
15,Short,303,275,2100,96.0312,300,2150,96.0312,95;8781
16,Catwalk,317,-150,1350,0.03125,-125,1400,0.03125,8112;8775;123;1085
17,TopofMid,340,-525,275,0.03125,-500,300,0.03125,7811;1077;1714;7819
18,UpperTunnel,500,-1275,1150,32.0312,-1250,1175,32.0312,1159;6650;1373;6635
19,TunnelStairs,505,-1250,1025,24.0312,-1225,1150,8.03125,1160;1161;6650;1158;1159
20,TunnelStairs,515,-1200,1025,0.03125,-1175,1075,-7.96875,559;516;1160
21,TunnelStairs,516,-1200,1075,0.03125,-1175,1100,-15.9688,515;523;517;1160
22,TunnelStairs,517,-1200,1100,0.03125,-1175,1150,-15.9688,516;522;521;1161
23,TunnelStairs,521,-1175,1125,-15.9688,-1150,1150,-39.9688,522;526;517
24,TunnelStairs,522,-1175,1100,-15.9688,-1150,1125,-31.9688,523;525;521;517
25,TunnelStairs,523,-1175,1075,-7.96875,-1150,1100,-23.9688,559;524;522;516
26,TunnelStairs,524,-1150,1075,-23.9688,-1100,1100,-39.9688,558;556;525;523
27,TunnelStairs,525,-1150,1100,-23.9688,-1075,1125,-55.9688,524;556;526;538;541;522
28,TunnelStairs,526,-1150,1125,-31.9688,-1125,1150,-55.9688,525;538;527;521
29,TunnelStairs,527,-1150,1150,-39.9688,-1125,1175,-71.9688,526;537;528
30,TunnelStairs,528,-1150,1175,-63.9688,-1125,1200,-87.9688,527;536;529
31,TunnelStairs,529,-1150,1200,-79.9688,-1125,1225,-95.9688,528;1162;157
32,TunnelStairs,535,-1100,1175,-71.9688,-1075,1200,-87.9688,542;544;1162;536
33,TunnelStairs,536,-1125,1175,-71.9688,-1100,1200,-87.9688,537;535;1162;528
34,TunnelStairs,537,-1125,1150,-55.9688,-1100,1175,-71.9688,538;542;536;527
35,TunnelStairs,538,-1125,1125,-39.9688,-1100,1150,-63.9688,525;541;537;526
36,TunnelStairs,541,-1100,1125,-47.9688,-1075,1150,-63.9688,525;555;542;538
37,TunnelStairs,542,-1100,1150,-63.9688,-1075,1175,-79.9688,541;543;535;537
38,TunnelStairs,543,-1075,1150,-63.9688,-1050,1175,-79.9688,555;544;542
39,TunnelStairs,544,-1075,1175,-79.9688,-1025,1200,-87.9688,543;1163;535
40,TunnelStairs,555,-1075,1125,-55.9688,-1050,1150,-71.9688,543;541
41,TunnelStairs,556,-1100,1075,-39.9688,-1075,1100,-47.9688,525;524
42,TunnelStairs,558,-1150,1050,-15.9688,-1125,1075,-31.9688,524;559
43,TunnelStairs,559,-1175,1050,-7.96875,-1150,1075,-23.9688,558;523;515
44,,736,650,2750,96.0312,700,2775,96.0312,
45,BombsiteA,739,1025,2775,96.0312,1050,2800,128.031,1174;742;4140
46,BombsiteA,742,1050,2775,104.031,1075,2800,128.031,1174;743;4140;739
47,BombsiteA,743,1075,2775,104.031,1100,2800,128.031,1174;746;4140;742
48,BombsiteA,746,1100,2775,104.031,1125,2800,128.031,1175;747;4140;743
49,BombsiteA,747,1125,2775,104.031,1150,2800,128.031,1175;750;4140;746
50,BombsiteA,750,1150,2775,104.031,1175,2800,128.031,1176;751;4140;747
51,BombsiteA,751,1175,2775,104.031,1200,2800,128.031,1176;754;4140;750
52,BombsiteA,754,1200,2775,104.031,1225,2800,128.031,1177;755;4140;751
53,BombsiteA,755,1225,2775,104.031,1250,2800,128.031,1177;8817;4140;754
54,CTSpawn,818,25,2025,-127.969,75,2050,-127.969,1801;1386
55,LongA,976,1525,1000,0.03125,1575,1025,0.03125,1467;1542;1493;4373;4191
56,,1046,950,775,0.03125,975,800,0.03125,3667;7717;1092;3662
57,TopofMid,1074,-500,-600,0.03125,-400,-375,0.03125,1078;7379;7380;1418
58,TopofMid,1077,-500,75,0.03125,-400,300,0.03125,1263;8228;1714;340;7810;7811;7812
59,TopofMid,1078,-400,-600,0.03125,-200,-500,0.03125,1079;7359;7351;7362;7379;8986;1074
60,TopofMid,1079,-200,-600,0.03125,25,-500,0.03125,7231;7313;7367;7351;1078
61,Catwalk,1082,-225,700,0.03125,-150,875,0.03125,1713;1083;240
62,Catwalk,1083,-225,875,0.03125,-150,1050,0.03125,1082;1084;8784
63,Catwalk,1084,-225,1050,0.03125,-150,1225,0.03125,1083;1085;8784
64,Catwalk,1085,-225,1225,0.03125,-150,1400,0.03125,1084;317;8112;8114;123;8964
65,LongDoors,1092,950,800,0.03125,1000,900,0.03125,1046;7717;5046;1093;3654;3662
66,LongDoors,1093,950,900,0.03125,1000,1000,0.03125,1092;5105;5046;1094;3654
67,LongDoors,1094,950,1000,0.03125,1000,1100,0.03125,1093;4943;3698;3699;3654;3658
68,TunnelStairs,1158,-1275,1025,32.0312,-1250,1100,24.0312,505;1159;6635
69,TunnelStairs,1159,-1275,1100,32.0312,-1250,1150,24.0312,1158;505;500;6635
70,TunnelStairs,1160,-1225,1025,8.03125,-1200,1100,0.03125,516;515;1161;505
71,TunnelStairs,1161,-1225,1100,8.03125,-1200,1150,0.03125,1160;517;6650;505
72,TunnelStairs,1162,-1125,1200,-87.9688,-1075,1225,-95.9688,536;535;1163;157;529
73,TunnelStairs,1163,-1075,1200,-87.9688,-1025,1225,-95.9688,544;157;1162
74,BombsiteA,1174,1025,2750,96.0312,1100,2775,104.031,1399;1175;739;742;743;1768
75,BombsiteA,1175,1100,2750,96.0312,1150,2775,104.031,1399;1409;1176;746;747;1174
76,BombsiteA,1176,1150,2750,96.0312,1200,2775,104.031,1409;1177;750;751;1175
77,BombsiteA,1177,1200,2750,96.0312,1250,2775,96.0312,1409;8816;754;755;1176
78,OutsideLong,1208,550,-400,0.03125,600,-375,0.03125,1209;8846
79,,1209,600,-400,0.03125,650,-375,0.03125,8855;8869;1208
80,BombsiteA,1210,1125,2307.52,128.031,1250,2324.48,128.031,8668;7549
81,TSpawn,1211,-1775,-144.481,160.031,-1425,-127.519,160.031,1425;7479;7501;7502;8359;8147;8149;3859
82,TSpawn,1212,-1792.48,-275,160.031,-1775.52,-150,160.031,8589;7479;7481;8370
83,BombsiteA,1213,1050,2303.52,128.031,1125,2320.48,128.031,8672;152
84,UpperTunnel,1218,-1825,1200,32.0312,-1775,1225,32.0312,1245;5365;1226
85,UpperTunnel,1226,-1925,1025,32.0312,-1825,1225,32.0312,4011;1218;1245;1248;1230;8212;8223
86,UpperTunnel,1229,-1925,1325,32.0312,-1825,1400,32.0312,1230;1235;7957;8224
87,UpperTunnel,1230,-1925,1225,32.0312,-1850,1325,32.0312,1226;1235;1229;8224
88,UpperTunnel,1235,-1850,1300,32.0312,-1825,1325,32.0312,1229;1230
89,UpperTunnel,1245,-1825,1050,32.0312,-1700,1200,32.0312,1247;1248;6622;6617;1218;5365;7998;1226
90,UpperTunnel,1247,-1725,1025,32.0312,-1700,1050,32.0312,1253;6622;1245
91,UpperTunnel,1248,-1825,1025,32.0312,-1775,1050,32.0312,4011;1245;1226
92,UpperTunnel,1250,-1775,975,32.0312,-1700,1000,32.0312,6622;1253;4011
93,UpperTunnel,1253,-1725,1000,32.0312,-1700,1025,32.0312,1250;6622;1247
94,TopofMid,1263,-500,-50,0.03125,-400,75,0.03125,7350;1077
95,LowerTunnel,1287,-775,1325,-111.969,-550,1525,-111.969,8070;1289
96,LowerTunnel,1289,-875,1400,-111.969,-775,1525,-111.969,1287;1290;1293
97,LowerTunnel,1290,-1200,1325,-111.969,-875,1450,-111.969,157;1289;1293;8300
98,LowerTunnel,1293,-1050,1450,-111.969,-875,1525,-111.969,1290;1289;8303
99,Hole,1313,-1450,2600,107.031,-1425,2625,107.031,1314;8835
100,Hole,1314,-1425,2600,107.031,-1400,2625,117.031,8663;1313
101,BombsiteB,1350,-1575,2150,0.03125,-1400,2400,0.03125,60;9029;9045;9046;1571;1573;1640
102,UpperTunnel,1369,-1375,1175,32.0312,-1350,1200,32.0312,6618;6641
103,UpperTunnel,1373,-1275,1175,32.0312,-1200,1200,32.0312,500;6650;6649
104,CTSpawn,1384,-225,2075,-127.969,25,2200,-127.969,1386;1387;1801;1802;1806;1818;1821;8491;8489
105,CTSpawn,1386,-75,2000,-127.969,25,2075,-127.969,818;1801;1384
106,CTSpawn,1387,-225,2000,-127.969,-150,2075,-127.969,1384;8489
107,OutsideTunnel,1391,-1900,600,32.0312,-1875,700,32.0312,8166;6583
108,BombsiteA,1399,1000,2575,96.0312,1125,2750,96.0312,1405;1409;1174;1175;1768;1724;1726
109,BombsiteA,1402,1075,2425,96.0312,1125,2500,96.0312,152;7548;8774;1405
110,BombsiteA,1405,1100,2500,96.0312,1125,2575,96.0312,1402;1409;8774;1399
111,BombsiteA,1409,1125,2550,96.0312,1250,2750,96.0312,8774;8990;8991;1175;1176;1177;1399;1405
112,ShortStairs,1414,425,1800,96.0312,500,1950,96.0312,4138;4139;8799;4048;4051
113,TopofMid,1418,-500,-375,0.03125,-400,-225,0.03125,1074;7380;7381;7382;1421
114,TopofMid,1421,-450,-225,0.03125,-400,-150,0.03125,1418;7382;7350
115,TSpawn,1425,-1525,-275,128.031,-1425,-150,128.031,8090;1211;1426
116,TSpawn,1426,-1600,-275,128.031,-1525,-225,128.031,8090;1425;7499;1958
117,LongDoors,1432,525,475,2.95416,650,600,0.595015,1436;1458;1453;1433;1435;1442
118,LongDoors,1433,650,325,0.12454,750,575,1.08112,1454;1453;1432;1436
119,LongDoors,1435,525,600,3.57604,625,700,0.553738,1432;1442;1446;1441
120,LongDoors,1436,550,350,9.07379,650,475,-1.44421,1444;1433;1432;1457;1458
121,LongDoors,1437,600,250,0.187426,650,300,0.0978218,8925;1459;1460;1455
122,LongDoors,1441,600,700,0.202145,625,750,0.138641,1435;1449;1446
123,LongDoors,1442,625,600,0.47158,650,650,1.53538,1432;1435
124,LongDoors,1444,550,325,6.93998,600,350,2.63995,1436;1457
125,LongDoors,1446,575,700,0.309675,600,725,0.127772,1435;1441
126,LongDoors,1447,650,750,0.380711,700,775,0.03125,3674;1461
127,LongDoors,1449,625,725,0.33275,650,750,0.380711,1461;1441
128,LongDoors,1453,650,575,-0.00790405,675,600,0.93623,1433;1432
129,LongDoors,1454,650,300,0.0978218,700,325,0.84339,1459;1433;1460
130,LongDoors,1455,575,250,0.138575,600,275,0.101753,8924;1437
131,LongDoors,1457,525,325,8.4362,550,400,6.32377,1444;1436;1458
132,LongDoors,1458,525,400,7.39615,550,475,2.02287,1457;1436;1432
133,LongDoors,1459,650,287.5,0.0978218,662.5,300,0.0978218,1454;1437
134,LongDoors,1460,637.5,300,0.0978218,650,312.5,0.0978218,1437;1454
135,LongDoors,1461,637.5,750,0.380711,650,762.5,0.380711,1449;1447
136,Side,1462,1550,800,-15.5754,1700,950,-7.50784,7659;7598;7631;7683;1465;8101;1467;1464;1539;1540;1541
137,Side,1464,1600,950,-9.34145,1700,1025,3.38866,1462;8101;1467;1493
138,Side,1465,1700,800,-9.42915,1775,925,-7.62739,1554;7659;8101;1462
139,LongA,1467,1550,950,-9.4567,1600,1000,0.0319061,1462;1464;1493;976;1542
140,LongA,1473,1575,1075,-0.869812,1600,1225,1.01205,4228;4373;4991
141,Side,1482,1625,300,58.5538,1750,325,55.8763,1545;5043
142,LongA,1493,1575,1000,0.0304775,1600,1025,0.0485964,1467;1464;976
143,LongA,1539,1525,800,-14.5755,1550,850,-13.9891,7598;1462;1540;8263
144,LongA,1540,1525,850,-13.4453,1550,900,-12.021,1539;1462;1541;8263
145,LongA,1541,1525,900,-11.6994,1550,950,-9.4567,1540;1462;1542;8263
146,LongA,1542,1525,950,-10.6244,1550,1000,0.0304775,1541;1467;976;4191
147,Side,1545,1750,300,56.1347,1775,375,56.0769,1546;1482;5043
148,Side,1546,1750,375,55.3595,1775,450,56.8112,1545;1547;5043
149,Side,1547,1750,450,53.9703,1775,525,56.834,1546;7596;5043
150,Side,1554,1725,775,-0.711791,1775,800,0.419823,7671;1465;7659
151,BombsiteB,1571,-1525,2400,0.03125,-1350,2575,1.08853,1350;1621;1573;1578
152,BombsiteB,1572,-1700,2600,6.89316,-1600,2725,7.82946,6834;8973;8974;1606;1599
153,BombsiteB,1573,-1600,2400,0.773474,-1525,2500,0.03125,1350;1640;1571;1578;6806
154,BombsiteB,1576,-1525,2700,5.98389,-1450,2775,10.2989,1630;8974;1635;1636;7971;8363;1619;7991
155,BombsiteB,1578,-1575,2500,-0.724356,-1525,2600,0.492961,1573;1571;1621;8973
156,BombsiteB,1599,-1700,2725,11.2413,-1650,2750,10.8552,1572;1606;7970
157,BombsiteB,1606,-1650,2725,9.36897,-1625,2750,9.72989,1572;7970;1599
158,BombsiteB,1619,-1550,2700,5.72792,-1525,2725,6.75955,8974;1576;7991
159,BombsiteB,1621,-1525,2575,0.178339,-1500,2600,0.85955,1571;8973;1578
160,BombsiteB,1630,-1500,2675,6.20356,-1450,2700,13.4147,1635;1576;8974
161,BombsiteB,1635,-1450,2675,12.4471,-1425,2725,15.4592,1636;1576;1630
162,BombsiteB,1636,-1450,2725,12.8095,-1425,2775,12.9146,1635;8364;8363;1576
163,BombsiteB,1640,-1725,1950,0.03125,-1575,2400,0.03125,7914;8544;8546;60;1350;1573;6938;6806;3734;3748
164,BombsiteB,1642,-1725,1625,0.03125,-1650,1700,0.03125,1651;1644;7863
165,BombsiteB,1643,-1450,1875,0.03125,-1400,1950,0.03125,1672;60;1648;7860
166,BombsiteB,1644,-1725,1700,0.03125,-1675,1775,0.03125,1642;1652;7863;1683;1650
167,BombsiteB,1648,-1475,1900,0.0312519,-1450,1950,0.03125,7860;1643;60;8550
168,BombsiteB,1650,-1725,1775,0.03125,-1700,1850,0.03125,1644;1683;7855;7911;3745
169,BombsiteB,1651,-1650,1625,0.03125,-1625,1675,0.03125,1642
170,BombsiteB,1652,-1675,1725,0.03125,-1650,1775,0.03125,7863;1685;1644
171,BombsiteB,1672,-1450,1850,0.03125,-1425,1875,0.03125,1643;7860
172,BombsiteB,1683,-1700,1775,0.03125,-1675,1800,0.03125,1644;7855;1650
173,BombsiteB,1685,-1650,1750,0.03125,-1625,1775,0.03125,7878;1652
174,TRamp,1696,-2075,-975,128.031,-2050,-850,128.031,6431;1698;7004;106
175,TRamp,1698,-2050,-975,128.031,-1825,-950,128.031,6431;6432;7061;6996;1696
176,TopofMid,1713,-525,575,0.03125,-150,700,0.03125,1714;1719;240;1082;5236;5221;7789
177,TopofMid,1714,-525,300,0.03125,-250,575,0.03125,340;1077;8228;8230;8984;8985;1713;7789;7819;7820;7821
178,TopofMid,1719,-175,550,0.03125,-150,575,0.03125,8985;1713
179,ExtendedA,1722,575,2475,96.0312,800,2700,95.9324,1787;1788;1724;9027;1730;1727;1743;1728
180,ExtendedA,1723,300,2425,96.6843,500,2650,96.0312,8782;1727;1733;1742;1736;1725;1731;301
181,BombsiteA,1724,800,2450,96.0312,1000,2675,95.824,8253;1399;1726;9027;9028;1722
182,ExtendedA,1725,400,2650,95.9,525,2775,96.9132,1723;1742;1728;1731
183,BombsiteA,1726,900,2675,95.6677,1000,2775,96.4446,1724;1768;1399;9024;9025
184,ExtendedA,1727,500,2450,95.7305,575,2525,96.0312,8235;1722;1787;1733;1723
185,ExtendedA,1728,525,2625,96.0312,575,2775,96.6454,1743;1722;1725;1742
186,ExtendedA,1730,750,2700,95.9776,800,2775,96.1477,1722;9023;9026
187,ExtendedA,1731,325,2650,96.2558,400,2700,96.3359,1723;1725;1736
188,Short,1733,500,2525,95.698,525,2575,96.0312,1727;1723
189,ExtendedA,1736,300,2650,96.2049,325,2675,96.4955,1723;1731
190,Short,1742,500,2625,95.9432,525,2650,96.0312,1728;1725;1723
191,ExtendedA,1743,550,2600,96.0312,575,2625,96.0312,1722;1728
192,BombsiteA,1768,1000,2750,96.3742,1025,2775,104.281,1399;1174;1726
193,ExtendedA,1787,575,2450,96.0312,650,2475,96.0312,8235;1788;1722;1727
194,ExtendedA,1788,650,2450,96.0312,700,2475,96.0312,8235;1722;1787
195,LongA,1794,1650,1800,0.03125,1775,1925,0.03125,4923;8289;8919;1799;4385;8523
196,LongA,1799,1750,1925,0.03125,1775,2150,0.03125,1794;4998;4999;5000;8289;8290;8292
197,CTSpawn,1801,25,2050,-127.969,200,2225,-127.969,818;8821;1822;1807;1803;1821;1386;1384
198,CTSpawn,1802,-100,2200,-127.969,-25,2275,-127.969,1384;1806;1819;1818
199,CTSpawn,1803,125,2225,-127.969,200,2300,-127.969,1801;8821;4019;1807
200,CTSpawn,1806,-25,2200,-127.969,0,2250,-127.969,1384;1821;1802
201,CTSpawn,1807,100,2225,-127.969,125,2275,-127.969,1801;1803;1822
202,CTSpawn,1818,-125,2200,-127.929,-100,2225,-127.969,1384;1802
203,CTSpawn,1819,-100,2275,-127.969,-50,2300,-127.969,1802
204,CTSpawn,1821,0,2200,-127.969,25,2225,-127.969,1384;1801;1806
205,CTSpawn,1822,75,2225,-127.969,100,2250,-127.969,1801;1807
206,UnderA,1835,525,2125,-124.605,550,2175,-118.262,9018;8670;1836;9020
207,UnderA,1836,525,2175,-124.488,550,2225,-117.88,1835;8670;1837;9020
208,UnderA,1837,525,2225,-123.876,550,2275,-114.077,1836;8670;9020
209,MidDoors,1841,-725,2425,-96.6416,-650,2500,-80.6344,1891;1854;6777;1859;6779;9056
210,MidDoors,1854,-650,2425,-98.7233,-625,2475,-87.0742,1891;1895;6793;6777;1841
211,MidDoors,1859,-725,2500,-78.2548,-700,2550,-75.0509,1841;6779;6723;6783;9056
212,MidDoors,1891,-750,2325,-113.05,-600,2425,-95.4677,8472;1892;1841;1854;1895;9056;9111;9112
213,MidDoors,1892,-600,2325,-117.932,-425,2425,-89.4503,8472;8494;7933;8312;1895;1896;1891
214,MidDoors,1895,-625,2425,-97.9164,-575,2450,-87.0653,1891;1892;1896;6793;1854
215,MidDoors,1896,-575,2425,-94.5658,-500,2450,-84.9972,1892;1895
216,BDoors,1898,-1000,2100,-48.3794,-750,2325,-113.05,8310;8311;8307;8472;9049;9107;9128;9144;1906;1938;9116;9145
217,BDoors,1906,-1050,2125,-32.8169,-1000,2175,-49.9437,1926;1938;1898
218,BDoors,1911,-1225,2050,5.04761,-1200,2125,6.78424,9042;6683;9030
219,BDoors,1921,-1150,2150,4.49542,-1125,2175,-3.52069,9121;6670
220,BDoors,1926,-1050,2100,-32.9151,-1025,2125,-41.4272,1938;1906
221,BDoors,1938,-1025,2100,-40.5987,-1000,2125,-49.2079,1898;1906;1926
222,TSpawn,1958,-1675,-275,128.031,-1600,-250,128.031,8090;1426;7477;7475
223,TSpawn,1971,-1075,-400,128.031,-975,-175,128.031,7037;6982;6985;8832;8834
224,TSpawn,1972,-350,-950,79.7013,-150,-725,29.3538,1997;7216;7212;7209;8810;2115;2005;8577;1981;1976;8971
225,TSpawn,1974,-125,-1175,27.354,25,-1000,6.5214,1975;8100;2007;7266;7212;7224
226,TSpawn,1975,25,-1125,2.66488,150,-975,-0.855672,8100;2190;1983;2136;1974;2007
227,TSpawn,1976,-550,-900,114.709,-350,-775,74.7613,1981;1993;1972;1999;8971;2182;2183;2184
228,TSpawn,1978,-725,-750,118.679,-575,-650,127.797,6992;2185;6981;1998;9001
229,TSpawn,1981,-500,-1000,119.589,-350,-900,75.3405,2011;1972;1997;1976;1993;2087
230,TSpawn,1983,100,-975,0.308814,375,-875,-8.13561,1975;2190;2191;2192;1984;7210;2136;7217
231,TSpawn,1984,375,-975,0.03125,450,-850,-7.96872,2193;2030;197;1983;7210
232,TSpawn,1992,-625,-1025,127.985,-575,-950,119.318,2015;2082;2020;1993;6992;2068;6581
233,TSpawn,1993,-575,-975,124.732,-500,-900,107.437,2020;2087;1981;1976;2182;1992;6992
234,TSpawn,1997,-350,-1050,87.7384,-300,-950,67.5493,7216;1972;2011;1981
235,TSpawn,1998,-775,-750,118.803,-725,-700,128.031,6992;1978;9001;2059;7187
236,TSpawn,1999,-550,-775,111.934,-450,-725,102.808,1976;8971;2084;2000;2184;2185
237,TSpawn,2000,-525,-725,114.684,-450,-650,111.94,1999;8972;8966;2084;6981
238,TSpawn,2005,-225,-725,48.7528,-150,-650,37.8202,1972;8810;8811;8593;2115;8585
239,TSpawn,2007,-75,-1000,22.5864,25,-950,-3.16338,1974;1975;2136;7209;7266
240,TSpawn,2011,-400,-1050,99.7079,-350,-1000,87.8121,1997;1981
241,TSpawn,2015,-625,-1075,128.216,-600,-1025,128.069,2082;1992;6581
242,TSpawn,2020,-575,-1025,128.15,-550,-975,123.141,2087;1993;1992
243,TSpawn,2030,425,-850,-7.96869,450,-650,0.017128,1984;197;2033
244,OutsideLong,2033,375,-675,-0.369419,425,-650,0.017128,197;2030;7240
245,TSpawn,2059,-825,-725,120.476,-775,-700,128.031,7187;1998;8127;8118
246,TSpawn,2068,-775,-1000,128.021,-625,-950,120.466,6581;1992;6992;7186
247,TSpawn,2082,-600,-1050,129.033,-575,-1025,128.15,1992;2015
248,TSpawn,2084,-550,-725,118.151,-525,-675,121.621,1999;2000;6981;2185
249,TSpawn,2087,-550,-1000,124.485,-500,-975,118.377,1981;1993;2020
250,TSpawn,2115,-250,-725,55.0028,-225,-675,55.9579,1972;2005;8585;8577
251,TSpawn,2136,25,-975,4.26218,100,-950,-6.67908,1975;1983;7217;2007
252,TSpawn,2182,-575,-900,117.274,-550,-850,110.672,1993;1976;2183;6992
253,TSpawn,2183,-575,-850,112.045,-550,-800,111.17,2182;1976;2184;6992
254,TSpawn,2184,-575,-800,112.401,-550,-750,116.297,2183;1976;1999;2185;6992
255,TSpawn,2185,-575,-750,117.692,-550,-675,123.257,2184;1999;2084;6981;1978
256,TSpawn,2190,150,-1000,0.447563,225,-975,0.03125,2191;1983;1975
257,TSpawn,2191,225,-1000,0.447563,300,-975,0.03125,2192;1983;2190
258,TSpawn,2192,300,-1000,0.447563,375,-975,0.03125,2193;1983;2191
259,TSpawn,2193,375,-1000,0.105079,450,-975,0.03125,1984;2192
260,LongDoors,3653,525,800,3.16663,775,1050,-0.726995,3671;3674;3693;3654;3659;3655;3656;3675;3694;3695
261,LongDoors,3654,775,825,-0.208906,950,1025,-0.167065,3693;3662;1092;1093;1094;3659;3658;3653
262,LongDoors,3655,525,1050,1.94193,650,1175,1.50976,3653;3656;3672
263,LongDoors,3656,650,1050,-0.0945308,700,1200,2.02897,3653;3675;3655;3672
264,LongDoors,3658,900,1025,-0.395151,950,1125,0.0103683,3654;1094;3698;3661;3659
265,LongDoors,3659,775,1025,-1.51578,900,1075,-0.136108,3654;3658;3653;3675
266,LongDoors,3661,912,1150,40.1392,962,1200,40.1392,3658;3700
267,LongDoors,3662,850,775,0.728325,950,825,-0.0411727,3690;1092;1046;3654
268,LongDoors,3667,950,725,8.64752,975,775,8.03125,7684;1046;3690
269,LongDoors,3671,550,775,2.59715,600,800,0.20793,3653
270,LongDoors,3672,625,1175,1.14719,650,1200,3.97448,3655;3656
271,LongDoors,3674,650,775,0.03125,725,800,0.0230923,1447;3653
272,LongDoors,3675,700,1050,-0.348343,775,1075,-0.357245,3653;3659;3656
273,LongDoors,3690,925,750,7.73656,950,775,8.03125,3667;3662
274,,3693,775,800,-0.0732117,800,825,-0.0188015,3654;3653
275,LongDoors,3694,500,900,4.17707,525,975,0.458942,3653;3695
276,LongDoors,3695,500,975,0.434354,525,1025,1.20044,3694;3653
277,LongDoors,3698,950,1100,0.03125,975,1125,0.03125,1094;3699;3658
278,LongDoors,3699,975,1100,0.03125,1000,1150,-0.11193,1094;4944;3700;3698
279,LongDoors,3700,975,1150,0.03125,1000,1200,0.03125,3699;4944;3661
280,BombsiteB,3734,-2025,1950,0.254145,-1725,2275,0.331244,3739;3743;1640;3748;3767;3768;8805;3737;3765;3766
281,BombsiteB,3737,-2125,2075,4.79556,-2025,2275,0.03125,3740;3766;3734;8804;7939
282,BombsiteB,3739,-2050,1850,1.0188,-1875,1950,0.03125,8066;8068;8069;8080;3743;3734;3765;3740
283,BombsiteB,3740,-2125,1850,8.78741,-2050,2075,0.883117,8039;8066;3739;3765;3766;3737;7968;7969
284,BombsiteB,3743,-1875,1875,0.03125,-1725,1950,0.03125,3745;8546;8547;3734;3739
285,BombsiteB,3745,-1775,1800,0.03125,-1725,1875,0.03125,1650;7911;3743
286,BombsiteB,3748,-1750,2275,0.259689,-1725,2400,7.06706,3734;1640;6938;3768
287,BombsiteB,3765,-2050,1950,1.63846,-2025,2025,0.163017,3739;3734;3766;3740
288,BombsiteB,3766,-2050,2025,1.12461,-2025,2075,0.0814228,3765;3734;3737;3740
289,BombsiteB,3767,-1875,2275,0.03125,-1825,2300,0.12299,3734;3768;8805
290,BombsiteB,3768,-1825,2275,0.122993,-1750,2300,0.985583,3734;3748;3767
291,OutsideTunnel,3777,-1900,175,4.44467,-1650,475,10.0312,3778;3820;3944;3802;3779;3958;3989;3995;3996;8201;8202;3781;3942;3943
292,OutsideTunnel,3778,-1925,-50,0.107367,-1725,175,-0.377914,3785;3859;3787;3820;3777;3942;3780;3834;3784
293,OutsideTunnel,3779,-1650,225,-0.289536,-1475,475,10.2975,3802;3824;3783;3933;3934;3935;3996;3997;6614;6615;3777
294,OutsideTunnel,3780,-2050,150,8.78895,-1925,300,1.64676,3784;3778;3942;3943;3781;7473
295,OutsideTunnel,3781,-2025,300,7.42041,-1900,475,9.43797,3780;3943;3777;8200;8201;9005;7473;7474;8203
296,OutsideTunnel,3782,-1700,25,1.76225,-1575,150,3.51052,3787;3783;3896;3824;3944;3945;3820
297,OutsideTunnel,3783,-1575,75,7.36597,-1475,225,2.1286,3896;3789;3932;3933;3779;3782;3824
298,OutsideTunnel,3784,-2025,-25,9.48953,-1925,150,4.43805,3814;3834;3778;3780
299,OutsideTunnel,3785,-2000,-125,5.15481,-1800,-50,2.77674,8370;3859;3778;3834;3814
300,OutsideTunnel,3786,-1350,75,8.62137,-1275,150,8.66387,3926;6591;3808
301,OutsideTunnel,3787,-1725,-75,8.03125,-1550,25,5.30794,8147;8149;3789;3904;3820;3782;3896;3778;3859
302,OutsideTunnel,3789,-1550,0,3.51054,-1475,75,1.08545,3904;8143;3932;3783;3787;3896
303,OutsideTunnel,3802,-1650,175,-0.0605121,-1600,225,2.90718,3945;3824;3779;3777
304,OutsideTunnel,3808,-1425,100,3.8207,-1350,150,8.03125,3924;3786;6591;3932
305,OutsideTunnel,3814,-2025,-125,5.76088,-2000,-25,8.88948,8370;3834;3785;3784
306,OutsideTunnel,3820,-1725,25,0.03125,-1700,175,-0.533401,3787;3782;3944;3777;3778
307,OutsideTunnel,3824,-1600,150,2.82768,-1575,225,4.86183,3782;3783;3779;3802;3945
308,OutsideTunnel,3834,-2000,-50,8.81073,-1925,-25,-0.703339,3785;3778;3784;3814
309,OutsideTunnel,3859,-1800,-100,8.0382,-1725,-50,0.353662,3787;8149;3778;3785
310,OutsideTunnel,3896,-1575,25,8.87643,-1550,75,5.71511,3787;3789;3783;3782
311,OutsideTunnel,3904,-1550,-75,8.03125,-1525,0,2.11885,8147;8143;8144;3789;3787
312,OutsideTunnel,3924,-1425,75,8.03125,-1400,100,3.81789,3808;3932
313,OutsideTunnel,3926,-1325,50,9.93497,-1275,75,8.48793,3786
314,OutsideTunnel,3932,-1475,50,8.03125,-1425,175,2.2021,3808;3924;6591;3933;3783;3789
315,OutsideTunnel,3933,-1475,175,1.38833,-1425,275,2.90634,3932;6589;6591;3934;3783;3779
316,OutsideTunnel,3934,-1475,275,2.71607,-1425,375,2.52744,3933;6589;6590;3935;3779
317,OutsideTunnel,3935,-1475,375,0.63141,-1425,475,9.66724,3934;6590;6615;8233;3779
318,TRamp,3938,-2075,-375,72.5556,-2050,-325,57.7584,257;8370;3939
319,TRamp,3939,-2075,-325,60.0402,-2050,-250,38.939,3938;8370;3940
320,TRamp,3940,-2075,-250,40.3956,-2050,-200,25.9186,3939;8370;3941
321,TRamp,3941,-2075,-200,27.8292,-2050,-125,7.24272,3940;8370
322,OutsideTunnel,3942,-1925,175,4.31505,-1900,250,1.77531,3778;3777;3943;3780
323,OutsideTunnel,3943,-1925,250,1.63982,-1900,300,1.09672,3942;3777;3781;3780
324,OutsideTunnel,3944,-1700,150,-0.798702,-1650,175,-0.0605121,3782;3945;3777;3820
325,OutsideTunnel,3945,-1650,150,0.163612,-1600,175,1.41123,3782;3824;3802;3944
326,OutsideTunnel,3950,-1750,525,32.7747,-1575,700,32.1455,3958;3961;3969;3951;6626;3990;3991;3992
327,OutsideTunnel,3951,-1575,550,32.3627,-1450,675,33.606,3969;212;8205;3970;3950
328,OutsideTunnel,3958,-1750,475,10.0312,-1725,525,32.9573,3777;3961;3995;3950;3989
329,OutsideTunnel,3961,-1725,500,26.0312,-1550,525,32.9573,3995;3996;3997;6614;3950;3969;3958
330,OutsideTunnel,3969,-1575,525,32.9573,-1550,550,32.4365,3961;3951;3950
331,OutsideTunnel,3970,-1525,675,32.0605,-1450,700,32.8343,3951
332,,3973,-1600,725,-31.9688,-1575,750,-31.9688,3999
333,OutsideTunnel,3989,-1775,475,10.0312,-1750,525,32.7747,3777;3958;3990
334,OutsideTunnel,3990,-1775,525,32.4771,-1750,575,31.7217,3989;3950;3991;9004
335,OutsideTunnel,3991,-1775,575,31.8127,-1750,625,31.2985,3990;3950;3992;6583;9004
336,OutsideTunnel,3992,-1775,625,31.5961,-1750,675,31.9824,3991;3950;6583
337,OutsideTunnel,3995,-1725,475,10.0312,-1675,500,26.0312,3777;3996;3961;3958
338,OutsideTunnel,3996,-1675,475,10.0312,-1625,500,26.0312,3777;3779;3997;3961;3995
339,OutsideTunnel,3997,-1625,475,10.0312,-1575,500,26.0312,3779;6614;3961;3996
340,,3999,-1575,725,-31.9688,-1500,750,-31.9688,4000;3973
341,,4000,-1500,725,-31.9688,-1425,750,-31.9688,3999
342,BombsiteB,4010,-2100,2900,32.0312,-2025,3000,32.0312,6808;6848;6813
343,UpperTunnel,4011,-1850,975,39.7183,-1775,1025,37.424,1250;1226;1248
344,CTSpawn,4019,125,2300,-127.969,500,2325,-119.969,1803;8821;9020;8823;9013
345,CTSpawn,4043,75,2350,-119.969,100,2400,-119.969,8823;4044
346,CTSpawn,4044,75,2400,-119.969,100,2450,-119.969,4043;8823;9002
347,ExtendedA,4048,300,1900,96.0312,425,2025,96.0312,4051;7556;1414;8799;95
348,ShortStairs,4051,350,1800,95.4887,425,1900,95.6396,4138;7581;7566;1414;4048;7556
349,ShortStairs,4052,425,1550,0.03125,500,1650,0.313259,4113;4054;4057;4118;7557
350,ShortStairs,4054,450,1450,0.03125,500,1550,0.03125,4052;4113;8126
351,ShortStairs,4056,275,1350,2.29939,400,1400,0.03125,7543;66
352,ShortStairs,4057,425,1650,2.97203,475,1700,3.20912,4052;4118;4119;8107
353,ShortStairs,4113,425,1525,-0.353993,450,1550,0.03125,8126;4054;4052;7557
354,ShortStairs,4118,475,1650,0.704104,500,1675,2.88982,4052;4119;4057
355,ShortStairs,4119,475,1675,1.89785,500,1700,4.6623,4118;8107;4057
356,ShortStairs,4138,400,1775,101.733,450,1800,96.0251,4139;1414;4051;7581
357,ShortStairs,4139,450,1775,101.732,500,1800,96.0312,1414;4138
358,BombsiteA,4140,1025,2800,120.281,1275,3075,128.986,739;742;743;746;747;750;751;754;755;8817;4156;4162;4163;4164;7935
359,Ramp,4156,1275,2800,125.061,1300,2825,123.512,8820;4140
360,BombsiteA,4162,1275,2925,128.031,1300,2975,128.031,7935;4968;4163;4140
361,BombsiteA,4163,1275,2975,128.031,1300,3025,128.031,4162;4969;4164;4140
362,BombsiteA,4164,1275,3025,128.031,1300,3075,128.86,4163;4970;4140
363,LongDoors,4167,1050,975,-2.92082,1275,1200,0.03125,5001;5002;5046;5111;4961;4962;4963;4964;4417;4391;4943;4944
364,LongA,4168,1425,1850,-13.7555,1625,2075,-7.96875,4195;4863;8523;4474;4179;4882;4175;4201
365,LongA,4170,1300,1100,-5.46875,1500,1300,-10.8017,4191;4228;4371;4184;4232;4963;4964
366,ARamp,4171,1325,2900,119.241,1500,3075,121.721,4243;4219;4429;4322;4220;4967;4968;4969;4970
367,LongA,4175,1275,1825,0.865816,1425,2000,-13.7555,4232;4200;4195;4168;4201;4304
368,LongA,4179,1450,2075,-13.0372,1600,2250,-7.96875,4168;4882;8526;8527;4931;4937;4474;4182
369,LongA,4182,1275,2100,-2.92919,1450,2250,-12.4075,4474;4201;4179;4305;4310;4931;4945;4955;4956;4957
370,LongA,4183,1300,1575,0.03125,1525,1725,-8.80051,4194;4218;5036;5037;4200;4195;4232
371,LongA,4184,1300,1300,0.03125,1525,1450,-9.18689,4371;4170;5028;5031;5032;4271;4194;8022;4232
372,LongA,4191,1300,950,-5.46875,1525,1100,-7.91211,5044;8263;8255;1542;976;4373;4170;4228;4961;4962
373,LongA,4194,1425,1450,-13.7427,1525,1575,-9.09875,4184;5032;5035;4183;4218;8022
374,LongA,4195,1425,1725,-13.7555,1525,1850,-8.5686,4183;4863;5038;4168;4200;4175
375,LongA,4200,1300,1725,0.03125,1425,1825,-13.7555,4183;4195;4175;4232
376,LongA,4201,1250,2000,1.35306,1425,2100,-13.6582,4175;4168;4474;4182;4955;8668
377,LongA,4215,1550,1700,0.0312495,1625,1800,-0.549414,4952;8523;4863;5037;5038
378,LongA,4218,1300,1500,0.0312462,1425,1575,-13.7555,4271;8022;4194;4183;4232
379,ARamp,4219,1375,2825,114.694,1475,2900,115.024,4272;8977;4243;4171;4429
380,ARamp,4220,1500,2950,115.21,1575,3075,126.704,4322;4293;4171
381,LongA,4228,1500,1100,-9.30536,1575,1175,-0.0635509,4191;4373;1473;4371;4991;5029;4170
382,LongA,4232,1250,1225,0.03125,1300,1825,0.0312462,4417;4964;4200;4183;4218;4271;4184;4170;4304;4175;4303
383,ARamp,4243,1475,2775,104.092,1525,2900,118.317,4932;4293;4843;4171;4322;4272;4219
384,LongA,4271,1300,1450,0.0312462,1375,1500,-12.1905,4184;8022;4218;4232
385,ARamp,4272,1400,2775,105.052,1475,2825,111.911,4932;4243;4219;4934;8977
386,ARamp,4293,1525,2875,116.518,1575,2950,127.756,4843;4988;4220;4322;4243
387,,4303,1225,1700,0.03125,1250,1750,1.08363,4232
388,LongA,4304,1250,1825,2.45001,1275,1875,0.524989,4232;4175
389,Ramp,4305,1275,2250,1.43136,1300,2300,4.42372,4182;4310;4958
390,ARamp,4310,1300,2250,-1.3428,1350,2350,4.91114,4182;4945;8797;4305
391,ARamp,4322,1500,2900,114.529,1525,2950,119.052,4243;4293;4220;4171
392,LongA,4371,1500,1175,-10.2323,1525,1300,-9.18689,4228;5028;5029;5030;4184;4170
393,LongA,4373,1525,1025,-9.34674,1575,1100,-0.913871,976;1473;4228;4191
394,LongA,4385,1650,1925,-0.210097,1675,1975,-0.935785,1794;8523
395,LongDoors,4391,1025,975,-1.8934,1050,1000,-2.33253,5046;4167;4943;5105
396,LongA,4417,1250,1200,0.03125,1275,1225,0.03125,4167;4964;4232
397,ARamp,4429,1325,2875,118.096,1375,2900,116.674,4219;4171;4967
398,LongA,4474,1425,2075,-13.7031,1450,2100,-13.0821,4168;4179;4182;4201
399,ARamp,4843,1525,2775,105.41,1550,2875,124.981,4932;4987;4988;4293;4243
400,LongA,4863,1525,1800,-7.17766,1625,1850,-7.96875,4215;5038;8523;4168;4195
401,LongA,4882,1600,2075,-8.75097,1625,2100,-7.96875,4168;8527;4179
402,LongA,4923,1775,1800,1.6331,1800,1825,0.712988,8919;1794
403,ARamp,4931,1400,2250,-10.1703,1550,2525,48.1021,4179;4182;4937;4938;4939;4932;4933;4945;4946
404,ARamp,4932,1400,2525,43.2716,1550,2775,106.036,4931;4939;4940;4987;4243;4272;4843;4933;4934
405,ARamp,4933,1300,2450,36.6447,1400,2625,68.2716,4946;8798;4931;4932;4934
406,ARamp,4934,1300,2625,80.3947,1400,2800,110.108,4933;4272;4932;8977;8979;8820;8991
407,ARamp,4937,1550,2250,-8.40791,1625,2375,21.5983,4179;8526;8998;4938;4931
408,ARamp,4938,1550,2375,11.6235,1625,2500,48.1887,4937;4939;4931
409,ARamp,4939,1550,2500,41.852,1625,2625,80.5044,4938;4940;4931;4932
410,ARamp,4940,1550,2625,72.4203,1625,2750,108.836,4939;4987;4932
411,LongDoors,4943,1000,1000,-0.795792,1050,1100,0.0273838,4391;5105;4167;4944;1094
412,LongDoors,4944,1000,1100,0.03125,1050,1200,-0.243359,4943;4167;3699;3700
413,ARamp,4945,1350,2250,-8.32217,1400,2350,0.981422,4182;4931;4946;4310
414,ARamp,4946,1350,2350,4.91114,1400,2450,24.5216,4945;4931;4933;8797;8798
415,LongA,4951,1550,1425,0.0312519,1600,1575,0.03125,4994;4952;5032;5035
416,LongA,4952,1550,1575,0.03125,1600,1700,0.116832,4951;4215;5036;5037
417,LongA,4955,1250,2100,-0.0147018,1275,2150,-1.36085,4201;4182;4956;8668
418,LongA,4956,1250,2150,-0.344111,1275,2200,-0.206112,4955;4182;4957;8668
419,LongA,4957,1250,2200,-0.304424,1275,2250,1.43136,4956;4182;4958;8668
420,LongA,4958,1250,2250,0.0208225,1275,2300,5.12832,4957;4305;8668
421,LongA,4961,1275,950,-2.35159,1300,1025,-5.46875,5044;4191;4962;4167;5002
422,LongA,4962,1275,1025,-2.35159,1300,1100,-5.46875,4961;4191;4963;4167
423,LongA,4963,1275,1100,-2.35159,1300,1175,0.03125,4962;4170;4964;4167
424,LongA,4964,1275,1175,0.03125,1300,1225,0.03125,4963;4170;4232;4167;4417
425,Ramp,4967,1300,2875,126.314,1325,2925,119.959,4171;4429;4968;7935
426,Ramp,4968,1300,2925,127.178,1325,2975,121.247,4967;4171;4969;4162
427,Ramp,4969,1300,2975,128.031,1325,3025,120.575,4968;4171;4970;4163
428,Ramp,4970,1300,3025,128.031,1325,3075,126.031,4969;4171;4164
429,ARamp,4987,1550,2750,102.428,1575,2825,120.973,4940;4988;4843;4932
430,ARamp,4988,1550,2825,120.553,1575,2875,124.917,4987;4293;4843
431,LongA,4991,1550,1175,0.0300999,1575,1250,-0.881483,4228;1473;4992;5029;5030
432,LongA,4992,1550,1250,0.0312495,1575,1300,-0.792881,4991;4993;5028;5030
433,LongA,4993,1550,1300,0.0312495,1575,1375,0.03125,4992;8023;4994;5028;5031
434,LongA,4994,1550,1375,0.0312519,1575,1425,-0.313532,4993;4951;5031
435,LongA,4998,1775,1950,0.812012,1800,2025,2.51655,8289;4999;1799
436,LongA,4999,1775,2025,0.812006,1800,2100,1.38264,4998;5000;1799
437,LongA,5000,1775,2100,0.291485,1800,2150,0.859667,4999;1799
438,LongDoors,5001,1175,950,-0.0547791,1225,975,0.03125,5044;5002;4167;5111
439,LongDoors,5002,1225,950,0.03125,1275,975,-2.35159,5044;4961;4167;5001
440,LongA,5028,1525,1275,-9.18689,1550,1350,0.03125,5030;4992;4993;5031;4184;4371
441,LongA,5029,1525,1175,-8.89658,1550,1225,0.0312476,4228;4991;5030;4371
442,LongA,5030,1525,1225,-9.39404,1550,1275,0.0312495,5029;4991;4992;5028;4371
443,LongA,5031,1525,1350,-8.56861,1550,1425,0.0312519,5028;4993;4994;5032;4184
444,LongA,5032,1525,1425,-9.18689,1550,1500,0.03125,5031;4951;5035;4194;4184
445,LongA,5035,1525,1500,-9.18689,1550,1575,0.03125,5032;4951;5036;4194
446,LongA,5036,1525,1575,-9.09875,1550,1650,0.03125,5035;4952;5037;4183
447,LongA,5037,1525,1650,-8.70621,1550,1725,0.03125,5036;4215;4952;5038;4183
448,LongA,5038,1525,1725,-8.80051,1550,1800,0.03125,5037;4215;4863;4195
449,Pit,5041,1350,375,-158.173,1525,550,-90.8608,5067;5047;7598;8254;8284;5215;5216;5217
450,Side,5043,1625,325,57.7036,1750,525,54.2184,1482;1545;1546;1547;7596;7682;8989
451,LongDoors,5044,1100,825,-1.77209,1325,950,-9.27965,5058;5121;8255;5001;5111;5002;4961;4191;5046
452,LongDoors,5046,1000,775,8.03125,1100,975,-2.6673,7684;5044;5111;5058;5105;4391;4167;1092;1093;7717
453,Pit,5047,1350,250,-199.303,1475,375,-159.419,5049;5067;5068;5170;5041;5214;5215
454,Pit,5049,1325,175,-196.408,1550,250,-178.005,5218;5219;5047;5170;5214;5208
455,LongDoors,5058,1100,775,8.03125,1250,825,0.03125,7684;5121;5044;5046
456,Pit,5067,1475,325,-178.169,1525,375,-155.365,5068;7598;5041;5047
457,Pit,5068,1475,275,-196.919,1575,325,-165.923,5170;5219;5067;7598;5047
458,LongDoors,5105,1000,975,-1.20031,1025,1000,-1.18609,5046;4391;4943;1093
459,LongDoors,5111,1100,950,-2.69271,1175,975,-0.201529,5044;5001;4167;5046
460,LongDoors,5121,1250,800,0.445752,1325,825,-10.6497,5211;8255;5044;5058
461,Pit,5170,1475,250,-204.128,1550,275,-173.714,5049;5219;5068;5047
462,Pit,5207,1275,350,-154.277,1325,500,-109.753,5209;5215;5216;5217;5210
463,Pit,5208,1275,175,-184.722,1325,275,-186.506,5049;5214;5209
464,Pit,5209,1275,275,-174.463,1325,350,-165.838,5208;5214;5215;5207
465,Pit,5210,1275,500,-100.298,1325,650,-53.502,5207;5217;8284;5211
466,Pit,5211,1275,650,-44.0479,1325,800,-12.8642,5210;8255;8284;8285;5121
467,Pit,5214,1325,250,-191.436,1350,325,-177.068,5049;5047;5215;5208;5209
468,Pit,5215,1325,325,-174.123,1350,400,-148.699,5214;5041;5047;5216;5207;5209
469,Pit,5216,1325,400,-147.358,1350,475,-120.896,5215;5041;5217;5207
470,Pit,5217,1325,475,-119.128,1350,550,-92.7708,5216;5041;8284;5207;5210
471,Pit,5218,1550,175,-184.694,1575,225,-181.035,5219;5049
472,Pit,5219,1550,225,-181.197,1575,275,-174.882,5218;5068;5170;5049
473,MidDoors,5220,-575,1750,-112.051,-450,1900,-126.626,5277;5230;5253;5228;5356;8531;8534
474,Middle,5221,-500,700,-0.139799,-375,925,-41.6913,1713;5320;5236;5234;5226;5357
475,MidDoors,5222,-425,1725,-129.503,-325,2000,-125.22,5286;5256;6707;5284;8489;5228;5253
476,Middle,5225,-425,1050,-74.3553,-275,1300,-124.482,5226;5345;5360;5245;6695;5231;5242
477,Middle,5226,-500,925,-36.0797,-325,1050,-70.3553,5221;5320;5359;5360;5242;5225;5357;5358
478,MidDoors,5228,-575,1900,-121.886,-425,2000,-126.062,5220;5253;5222;8490;8489;8531
479,MidDoors,5230,-575,1675,-118.709,-475,1750,-127.724,6716;6717;5237;5277;5220
480,Middle,5231,-500,1100,-78.2173,-425,1300,-126.895,5242;5225;6695
481,Middle,5234,-375,775,-4.19133,-300,900,-31.9688,5236;5335;5361;5362;5320;5359;5221
482,Middle,5236,-375,700,0.03125,-275,775,0.0312498,1713;240;5335;5234;5221
483,MidDoors,5237,-475,1650,-130.285,-425,1725,-129.503,6699;6713;6707;5277;5253;5230;6717
484,MidDoors,5241,-375,1500,-124.961,-325,1575,-127.027,5268;6700;6714;6698;6715
485,Middle,5242,-525,1050,-58.7104,-425,1100,-86.8553,5226;5358;5225;5231
486,Middle,5245,-375,1300,-127.109,-275,1350,-123.087,5225;7825;6695
487,MidDoors,5253,-450,1725,-129.75,-425,1900,-127.087,5237;5222;5228;5277;5220
488,MidDoors,5256,-350,1675,-129.335,-325,1725,-126.753,6705;5222;5286;6706
489,MidDoors,5268,-325,1475,-121.636,-300,1525,-121.249,5319;5241
490,MidDoors,5277,-475,1725,-128.996,-450,1750,-128.446,5237;5253;5220;5230
491,MidDoors,5284,-325,1750,-125.116,-275,1775,-122.965,5222
492,MidDoors,5286,-375,1700,-128.952,-350,1725,-127.568,6706;5256;5222;6707
493,MidDoors,5319,-300,1500,-120.276,-275,1525,-122.158,5268
494,Middle,5320,-375,900,-35.4413,-325,925,-39.1053,5234;5359;5226;5221
495,Middle,5335,-300,775,0.0312481,-275,800,0.0312491,5236;5361;5234
496,Middle,5340,-300,900,-31.9688,-275,925,-31.9688,5362;5341;5359
497,Middle,5341,-300,925,-31.9688,-275,1000,-55.9688,5340;5344;5359;5360
498,Middle,5344,-300,1000,-55.9688,-275,1025,-55.9688,5341;5345;5360
499,Middle,5345,-300,1025,-63.9688,-275,1050,-63.9688,5344;5225;5360
500,MidDoors,5356,-600,1825,-115.293,-575,1875,-120.774,8534;5220;8531
501,Middle,5357,-525,900,-30.9202,-500,975,-45.9285,5221;5226;5358
502,Middle,5358,-525,975,-41.7444,-500,1050,-63.1896,5357;5226;5242
503,Middle,5359,-325,900,-32.8553,-300,975,-47.9688,5234;5340;5341;5360;5226;5320
504,Middle,5360,-325,975,-51.6053,-300,1050,-63.9688,5359;5344;5345;5341;5225;5226
505,Middle,5361,-300,800,0.0312481,-275,850,-15.9688,5335;5362;5234
506,Middle,5362,-300,850,-15.9688,-275,900,-31.9688,5361;5340;5234
507,UpperTunnel,5365,-1775,1200,32.0312,-1725,1250,32.0312,1245;7998;1218
508,OutsideLong,5367,150,250,0.03125,375,450,0.03125,7757;8789;7342;7343;5370;5371;67;7759
509,OutsideLong,5370,250,450,0.03125,375,475,0.03125,5367;7342
510,OutsideLong,5371,150,450,0.03125,200,475,0.03125,5367;67
511,TRamp,5457,-2150,-700,128.031,-2075,-600,126.27,106;257;6994;6091;5570;5517
512,TRamp,5517,-2200,-700,128.005,-2150,-625,128.723,6089;106;5457
513,TRamp,5570,-2125,-600,125.521,-2075,-550,114.604,5457;257;6092;6091
514,TSpawn,5573,-1050,-1050,129.265,-950,-1000,128.489,6143;6423;6581;6587;7204;7201;8826
515,TRamp,6089,-2200,-725,119.595,-2175,-700,128.031,6452;106;5517
516,TRamp,6091,-2150,-600,125.817,-2125,-575,119.58,5457;5570
517,TRamp,6092,-2100,-550,114.356,-2075,-525,108.77,5570;257
518,,6094,-2200,-975,128.647,-2175,-950,120.489,6431;106;6451
519,TSpawn,6143,-975,-1075,128.514,-950,-1050,128.553,5573
520,,6423,-1050,-1075,130.233,-1025,-1050,129.809,5573;7201
521,TRamp,6431,-2200,-1050,128.185,-2000,-975,128.031,6432;6094;106;1696;1698
522,TRamp,6432,-2000,-1050,128.871,-1800,-975,128.031,7029;7192;1698;7061;6431
523,TRamp,6451,-2225,-950,126.031,-2175,-850,119.358,6094;106;6452
524,TRamp,6452,-2225,-850,120.031,-2175,-725,119.555,6451;106;6089
525,,6476,-2200,-325,-31.9688,-2175,-275,-31.9688,
526,TSpawn,6581,-950,-1050,128.031,-625,-1000,128.031,1992;2015;2068;6587;7176;7186;5573
527,OutsideTunnel,6583,-1875,600,32.0312,-1775,700,32.0312,9004;3991;3992;1391
528,TSpawn,6587,-1000,-1000,128.031,-875,-975,128.031,5573;6581;7176;6993
529,OutsideTunnel,6589,-1425,225,1.44514,-1325,350,9.01764,6591;6592;6608;8026;6594;6590;3933;3934
530,OutsideTunnel,6590,-1425,350,2.70484,-1350,475,8.28897,6589;6594;8030;8031;8028;8233;3935;3934
531,OutsideTunnel,6591,-1425,150,3.69437,-1275,225,9.24442,3808;3786;6589;6592;3932;3933
532,OutsideTunnel,6592,-1325,225,6.60381,-1275,275,8.03125,6591;6608;6589
533,OutsideTunnel,6594,-1350,350,8.93251,-1325,400,8.27716,6589;8026;8030;6590
534,OutsideTunnel,6608,-1325,275,7.3677,-1300,300,8.03125,6592;8026;6589
535,OutsideTunnel,6614,-1575,475,10.0313,-1525,500,8.29681,3779;6615;3961;3997
536,OutsideTunnel,6615,-1525,475,8.18892,-1450,500,10.3115,3779;3935;8233;6614
537,UpperTunnel,6616,-1550,1050,35.4194,-1400,1200,33.6694,6668;6669;6625;6618;6641;8001;8002;6659;6617
538,UpperTunnel,6617,-1700,1075,31.5535,-1550,1200,34.0776,6622;6620;6659;6616;7998;8002;1245
539,UpperTunnel,6618,-1400,1075,36.453,-1300,1175,32.0312,6625;6653;6635;6641;1369;6616
540,UpperTunnel,6619,-1725,750,32.7636,-1650,925,28.9848,6626;6664;6665;6666;6622
541,UpperTunnel,6620,-1650,975,28.7999,-1575,1075,34.6341,6667;6660;6659;6617;6622
542,UpperTunnel,6622,-1700,925,30.6881,-1650,1075,31.3848,6619;6620;6667;6617;1253;1247;1245;1250
543,UpperTunnel,6623,-1200,1200,32.0312,-1150,1275,32.0312,6649;528;157;1162
544,UpperTunnel,6625,-1400,1025,42.4126,-1350,1075,35.5276,6653;6618;6616;6669
545,UpperTunnel,6626,-1700,700,30.3562,-1625,750,31.1598,3950;6619;6664
546,UpperTunnel,6635,-1300,1050,34.6253,-1275,1175,32.0312,1158;1159;500;6618;6653
547,UpperTunnel,6641,-1400,1175,33.4577,-1375,1200,33.4758,6618;1369;8001;6616
548,UpperTunnel,6649,-1200,1175,32.0312,-1175,1200,32.0312,527;528;6623;1373
549,UpperTunnel,6650,-1250,1150,32.0312,-1200,1175,32.0312,1161;505;527;1373;500
550,UpperTunnel,6653,-1350,1050,38.1235,-1300,1075,32.3585,6635;6618;6625
551,UpperTunnel,6659,-1575,1050,34.6531,-1550,1075,35.3354,6616;6617;6620
552,UpperTunnel,6660,-1575,975,34.4454,-1550,1000,35.8634,6620
553,UpperTunnel,6664,-1650,750,30.4219,-1625,825,32.961,6626;6665;6619
554,UpperTunnel,6665,-1650,825,30.4625,-1625,875,32.4095,6664;6666;6619
555,UpperTunnel,6666,-1650,875,29.58,-1625,925,31.4969,6665;6667;6619
556,UpperTunnel,6667,-1650,925,28.9848,-1625,975,30.4394,6666;6620;6622
557,UpperTunnel,6668,-1500,1025,39.9957,-1450,1050,38.3725,6669;6616
558,UpperTunnel,6669,-1450,1025,41.1,-1400,1050,38.4427,6625;6616;6668
559,BDoors,6670,-1225,2150,5.41073,-1150,2250,1.24071,6683;1921;9121;9118;9030;9034
560,BDoors,6683,-1225,2125,9.01969,-1175,2150,5.54985,1911;9042;6670;9030
561,Middle,6695,-500,1300,-125.342,-375,1500,-128.607,5231;5225;5245;7825;6697;6698;8070
562,MidDoors,6697,-500,1500,-119.969,-450,1575,-130.307,6695;6698;8021;8020
563,MidDoors,6698,-450,1500,-129.715,-375,1550,-131.208,6695;5241;6715;8021;6697
564,MidDoors,6699,-450,1600,-131.005,-400,1650,-131.742,6700;5237;6713
565,MidDoors,6700,-400,1575,-131.828,-350,1625,-130.231,6715;5241;6714;6699
566,MidDoors,6705,-350,1650,-129.763,-325,1675,-128.407,5256
567,MidDoors,6706,-375,1675,-129.905,-350,1700,-128.303,5256;5286
568,MidDoors,6707,-425,1700,-131.039,-375,1725,-128.447,5286;5222;5237
569,MidDoors,6713,-475,1625,-130.055,-450,1650,-131.456,6699;5237
570,MidDoors,6714,-350,1575,-128.874,-325,1600,-128.571,5241;6700
571,MidDoors,6715,-400,1550,-132.238,-375,1575,-130.617,6698;5241;6700;8021
572,MidDoors,6716,-575,1650,-119.763,-525,1675,-125.743,6717;5230
573,MidDoors,6717,-525,1650,-125.599,-475,1675,-130.958,5237;5230;6716
574,MidDoors,6723,-700,2525,-80.1451,-625,2575,-82.9731,6779;6777;6794;1859;6783
575,MidDoors,6777,-650,2475,-86.1229,-625,2525,-83.0749,1854;6793;6794;6723;1841;6779
576,MidDoors,6779,-700,2500,-82.147,-650,2525,-82.4197,1841;6777;6723;1859
577,MidDoors,6783,-725,2550,-81.1675,-700,2575,-83.9365,1859;6723
578,MidDoors,6793,-625,2450,-89.9337,-600,2500,-85.4424,1895;6794;1854;6777
579,MidDoors,6794,-625,2500,-83.5239,-600,2550,-84.2252,6793;6723;6777
580,BombsiteB,6799,-2075,2600,34.1558,-1925,2775,29.7389,6802;6962;6811;6957;6958;6801;6865;6954;6955;6956
581,BombsiteB,6800,-1900,2725,31.5868,-1800,2850,35.0312,6829;6887;6831;6812;6886;6884;6801;6958
582,BombsiteB,6801,-2000,2775,28.3448,-1900,2875,31.7252,6799;6958;6800;6884;6814;6825;6865
583,BombsiteB,6802,-2075,2500,32.8933,-1950,2600,27.7548,6880;8800;8801;6961;6962;6799;6953;6954
584,BombsiteB,6803,-1825,2475,27.9004,-1750,2650,32.3325,8803;8802;6812;6959;6960
585,BombsiteB,6805,-1925,2500,26.5384,-1850,2575,33.6273,6816;6899;6959;6960;6898;6811;6961;6962
586,BombsiteB,6806,-1700,2400,4.91089,-1600,2500,2.02687,1640;1573;6834;6938
587,BombsiteB,6807,-2100,3050,35.864,-2050,3125,34.5269,6813;6841;7931
588,BombsiteB,6808,-2025,2925,31.4827,-1925,3000,35.3083,6848;6814;6825;4010
589,BombsiteB,6811,-1925,2575,30.0464,-1875,2675,33.2723,6805;6898;6829;6957;6799;6962
590,BombsiteB,6812,-1800,2650,32.1964,-1750,2750,33.9451,6803;7848;6887;6800
591,BombsiteB,6813,-2100,3000,36.4936,-2025,3050,32.0312,4010;6807;6841
592,BombsiteB,6814,-2000,2875,29.9574,-1925,2925,32.7092,6801;6825;6808;6848
593,BombsiteB,6815,-1975,2425,14.9541,-1925,2475,23.5334,8805;6816;6880;6961
594,BombsiteB,6816,-1925,2425,11.8231,-1875,2500,28.539,8805;6899;6805;6815;6961
595,BombsiteB,6825,-1925,2875,30.479,-1900,3000,37.5648,6801;6808;6814
596,BombsiteB,6829,-1900,2675,31.5825,-1850,2725,31.2483,6811;6887;6800;6957
597,BombsiteB,6831,-1800,2800,30.9032,-1750,2850,33.9311,7849;6889;6800
598,BombsiteB,6834,-1700,2500,8.85362,-1675,2600,5.06088,6806;1572
599,BombsiteB,6841,-2050,3050,32.1064,-2025,3075,33.01,6813;7931;6807
600,BombsiteB,6848,-2025,2900,31.3774,-2000,2925,30.2082,6814;6808;4010
601,BombsiteB,6865,-2075,2775,31.5063,-2000,2800,28.3848,6799;6801;6956
602,BombsiteB,6880,-2000,2475,28.4985,-1950,2500,26.1184,6815;6961;6802
603,BombsiteB,6884,-1900,2850,30.2464,-1850,2875,31.9227,6800;6801
604,BombsiteB,6886,-1825,2850,35.0312,-1800,2875,37.1171,6800
605,BombsiteB,6887,-1850,2700,32.1673,-1800,2725,32.4521,6812;6800;6829
606,BombsiteB,6889,-1775,2850,32.215,-1750,2875,35.1545,6831
607,BombsiteB,6898,-1875,2575,33.4668,-1850,2600,34.1924,6805;6960;6811
608,BombsiteB,6899,-1875,2475,24.6338,-1850,2500,29.8578,6959;6805;6816
609,BombsiteB,6938,-1750,2400,8.97601,-1700,2425,8.16108,1640;3748;6806
610,BombsiteB,6953,-2100,2500,33.2895,-2075,2575,33.7033,8800;6802;6954
611,BombsiteB,6954,-2100,2575,34.9928,-2075,2650,33.8666,6953;6799;6802;6955
612,BombsiteB,6955,-2100,2650,36.2689,-2075,2725,31.7701,6954;6799;6956
613,BombsiteB,6956,-2100,2725,34.151,-2075,2800,31.2852,6955;6799;6865
614,BombsiteB,6957,-1925,2675,30.0173,-1900,2725,31.5868,6811;6829;6958;6799
615,BombsiteB,6958,-1925,2725,30.7421,-1900,2775,30.9103,6957;6800;6801;6799
616,BombsiteB,6959,-1850,2475,26.6332,-1825,2550,32.6035,6803;6960;6805;6899
617,BombsiteB,6960,-1850,2550,33.0321,-1825,2600,33.2067,6959;6803;6805;6898
618,BombsiteB,6961,-1950,2475,23.3052,-1925,2550,30.1917,6815;6816;6805;6962;6802;6880
619,BombsiteB,6962,-1950,2550,28.0098,-1925,2600,28.8539,6961;6805;6811;6799;6802
620,UnderA,6964,725,2275,-62.7618,800,2350,-30.1309,8670;8669;6980;8604
621,UnderA,6980,775,2350,-33.5735,800,2375,-30.3368,6964;8669
622,TSpawn,6981,-575,-675,124.89,-525,-650,125.825,2185;2084;2000;1978
623,TSpawn,6982,-1150,-275,128.031,-1075,-225,128.031,8834;1971;6985
624,TSpawn,6985,-1100,-225,128.031,-1075,-175,128.031,6982;1971
625,TSpawn,6992,-775,-950,121.09,-575,-750,117.692,2068;1992;1993;2182;2183;2184;1998;1978;7186;7187
626,TSpawn,6993,-1025,-975,128.031,-850,-750,119.044,6587;7176;7186;7187;7001;7165;8123;8124;7204;7205;7206;7207
627,TRamp,6994,-2075,-775,116.017,-1750,-650,127.674,6996;7004;8096;8098;257;8370;106;5457
628,TRamp,6996,-1850,-950,119.814,-1750,-775,116.976,7061;1698;7029;8098;6994;7004
629,TSpawn,7001,-1050,-750,119.476,-975,-625,128.31,6993;7207;8123;8828
630,TRamp,7004,-2075,-850,115.35,-1850,-775,116.782,1696;6996;6994;106
631,TRamp,7029,-1800,-1025,128.324,-1750,-950,119.895,7192;8098;6996;6432;7061
632,TSpawn,7037,-1075,-450,129.022,-1050,-400,129.031,7136;1971;8832
633,TRamp,7061,-1825,-975,128.031,-1800,-950,120.066,6432;7029;6996;1698
634,TSpawn,7136,-1075,-475,129.022,-1050,-450,128.205,8830;7037;8832
635,TSpawn,7165,-875,-750,119.103,-850,-725,120.476,6993;7187;8118;8124
636,TSpawn,7176,-875,-1000,128.738,-850,-975,127.846,6581;7186;6993;6587
637,TSpawn,7186,-850,-1000,128.454,-775,-875,116.867,6581;6992;2068;7187;6993;7176
638,TSpawn,7187,-850,-875,116.593,-775,-725,120.476,7186;6992;1998;2059;8118;6993;7165
639,TSpawn,7192,-1800,-1075,129.178,-1725,-1025,128.351,7193;7029;8098;6432
640,TSpawn,7193,-1725,-1075,128.851,-1625,-1025,128.031,7194;8098;7192
641,TSpawn,7194,-1625,-1075,128.031,-1525,-1025,128.031,7195;8098;7193
642,TSpawn,7195,-1525,-1075,128.031,-1425,-1025,128.031,7198;8098;7194
643,TSpawn,7198,-1425,-1075,128.031,-1350,-1025,128.031,7199;8825;7195
644,TSpawn,7199,-1350,-1075,128.22,-1250,-1025,128.031,7200;8825;7198
645,TSpawn,7200,-1250,-1075,128.81,-1150,-1025,128.031,7201;8826;7199
646,TSpawn,7201,-1150,-1075,127.767,-1050,-1025,128.684,6423;5573;8826;7200
647,TSpawn,7204,-1050,-1000,121.544,-1025,-950,121.031,5573;6993;7205;8826
648,TSpawn,7205,-1050,-950,121.031,-1025,-875,116.463,7204;6993;7206;8826
649,TSpawn,7206,-1050,-875,116.463,-1025,-825,115.524,7205;6993;7207;8826
650,TSpawn,7207,-1050,-825,115.524,-1025,-750,119.476,7206;6993;7001;8826
651,OutsideLong,7208,150,-700,-5.46875,325,-500,-2.43551,7210;7240;7222;8225;8794;7211;7233
652,TSpawn,7209,-150,-950,30.9957,25,-775,-7.35188,2007;7212;7266;7217;7210;7228;8810;1972
653,TSpawn,7210,25,-875,-8.65977,375,-700,0.03125,1983;7217;197;1984;7211;7208;7240;7229;7209;7228
654,OutsideLong,7211,50,-700,2.27564,150,-575,-3.44346,7210;7208;7286;7233;7229;7312;7313
655,TSpawn,7212,-225,-1125,51.3678,-125,-950,24.838,7224;1974;7266;1972;7209;7216;7241
656,TSpawn,7216,-300,-1050,75.4534,-225,-950,49.0966,7241;7219;7212;1972;1997
657,TSpawn,7217,25,-950,-3.16338,100,-875,-11.8449,2136;1983;7210;7209
658,TSpawn,7219,-300,-1175,73.0704,-250,-1050,63.3143,7224;7241;7216
659,OutsideLong,7222,325,-575,-1.25628,375,-500,0.03125,8225;8794;7208
660,TSpawn,7224,-250,-1175,58.7486,-125,-1125,29.2044,1974;7212;7241;7219
661,TSpawn,7228,-50,-775,3.55674,25,-700,3.8047,7209;7210;7229;8810
662,TSpawn,7229,-50,-700,14.2193,50,-650,1.77318,7228;7210;7211;7312;8811
663,OutsideLong,7231,25,-550,-3.96875,75,-500,-0.355752,7286;7313;7233;7287;1079
664,OutsideLong,7233,75,-575,-1.96166,150,-475,-4.69993,7211;7208;8794;7288;7310;7231;7287;7286
665,OutsideLong,7240,325,-700,-2.18859,375,-650,-0.142075,7210;197;2033;7208
666,TSpawn,7241,-250,-1125,57.6141,-225,-1050,57.258,7224;7212;7216;7219
667,TSpawn,7266,-125,-1000,33.0257,-75,-950,12.5967,1974;2007;7209;7212
668,OutsideLong,7286,50,-575,-1.82665,75,-550,-3.96875,7211;7233;7231;7313
669,OutsideLong,7287,50,-500,0.0312498,75,-475,3.55275,7231;7233
670,OutsideLong,7288,75,-475,3.55275,100,-450,1.77616,7233;7310
671,OutsideLong,7292,125,-300,0.189576,150,-275,1.02536,7311;7774
672,OutsideLong,7310,100,-475,0.86095,150,-400,-2.11248,7233;8794;7311;7288
673,OutsideLong,7311,100,-400,2.48151,150,-300,-0.143732,7310;7774;8794;7292
674,OutsideLong,7312,25,-650,3.99582,50,-600,0.321642,7229;7211;7313
675,OutsideLong,7313,25,-600,2.48646,50,-550,-3.96875,7312;7211;7286;7231;1079
676,OutsideLong,7342,375,350,0.214357,475,475,5.03125,7348;7343;5367;5370
677,OutsideLong,7343,375,250,0.0138524,450,350,5.91511,8924;7348;7342;5367
678,OutsideLong,7348,450,325,6.09207,475,350,6.34164,7342;7343
679,TopofMid,7350,-425,-150,0.03125,-400,-50,0.03125,1421;1263
680,TopofMid,7351,-225,-500,-0.22274,-100,-450,8.03125,1079;1078;7367;8986
681,TopofMid,7359,-375,-500,0.03125,-350,-425,8.16607,1078;7362;7379
682,TopofMid,7362,-350,-500,0.441066,-275,-450,8.03125,1078;8986;7359
683,TopofMid,7367,-100,-500,-0.444149,-75,-475,8.03125,1079;7351
684,TopofMid,7379,-400,-500,-0.596063,-375,-425,0.795998,1078;7359;7380;1074
685,TopofMid,7380,-400,-425,-2.02435,-375,-350,0.400402,7379;7381;1418;1074
686,TopofMid,7381,-400,-350,-1.95307,-375,-275,0.956123,7380;7382;1418
687,TopofMid,7382,-400,-275,-0.964945,-375,-200,1.9845,7381;1418;1421
688,TSpawn,7389,-1725,-400,128.031,-1700,-325,128.031,7503;8092;7475;7516
689,OutsideTunnel,7473,-2050,300,8.04451,-2025,350,7.03125,3780;3781;7474
690,OutsideTunnel,7474,-2050,350,7.38347,-2025,400,7.37787,7473;3781;8203
691,TSpawn,7475,-1750,-300,164.002,-1700,-175,163.997,7389;7477;8090;1958;7501;7481
692,TSpawn,7477,-1700,-225,164.002,-1625,-175,164.001,1958;7502;7475
693,TSpawn,7479,-1775,-175,158.732,-1750,-150,157.304,7481;7501;1211;1212
694,TSpawn,7481,-1775,-300,158.732,-1750,-175,164.002,7475;7479;1212;8589
695,TSpawn,7499,-1600,-225,128.031,-1575,-200,128.031,1426
696,TSpawn,7501,-1750,-175,164.002,-1700,-150,157.304,7475;7502;1211;7479
697,TSpawn,7502,-1700,-175,163.997,-1625,-150,157.304,7477;1211;7501
698,TSpawn,7503,-1750,-475,128.703,-1700,-400,127.973,8808;8092;7389;7516;8806
699,TSpawn,7516,-1750,-400,128.031,-1725,-325,128.031,7503;7389;8591
700,BDoors,7517,-1100,2425,12.6674,-1000,2550,-4.07387,7534;7519;9051;7533;7541;7542
701,BDoors,7518,-1200,2625,57.8241,-1125,2700,85.6635,8345;7525;8653;8654
702,BDoors,7519,-1075,2325,-12.1388,-1000,2425,-30.9004,9116;9051;9128;7517;7534;9151
703,BDoors,7525,-1125,2625,62.6911,-1100,2675,78.6534,8345;7518
704,BDoors,7533,-1100,2550,28.9214,-1075,2575,28.2699,7517;7542
705,BDoors,7534,-1100,2400,8.09624,-1075,2425,2.30364,9151;7519;7517;7541
706,BDoors,7541,-1150,2400,21.5201,-1100,2500,23.3837,9122;7534;7517;7542;9139;9119
707,BDoors,7542,-1150,2500,36.9774,-1100,2575,35.8096,7541;7517;7533;8345;9119
708,ShortStairs,7543,275,1400,-1.70693,400,1525,0.0305985,4056;8126;7555;7557;66
709,BombsiteA,7548,1125,2425,96.0312,1250,2475,96.0312,8981;8252;8774;1402
710,BombsiteA,7549,1125,2325,96.0312,1250,2375,96.0312,1210;8252;8981;152
711,ShortStairs,7555,275,1525,-0.353991,375,1650,5.55814,7543;7557;7561;7590;7574;7575
712,ShortStairs,7556,250,1800,95.4504,350,1900,95.8465,7558;7566;4051;4048
713,ShortStairs,7557,375,1525,0.453433,425,1625,2.26457,7543;8126;4052;4113;7555
714,ShortStairs,7558,250,1725,56.9876,275,1800,95.4569,7566;7556
715,ShortStairs,7561,275,1650,5.21826,300,1675,26.0946,7555;7590;7566
716,ShortStairs,7566,275,1675,26.0946,375,1800,95.3688,7561;7590;7574;7575;7581;7556;4051;7558
717,ShortStairs,7574,325,1650,6.27305,350,1675,26.0946,7555;7575;7566;7590
718,ShortStairs,7575,350,1650,6.15314,375,1675,26.0946,7555;7566;7574
719,ShortStairs,7581,375,1775,88.0312,400,1800,95.5079,4138;4051;7566
720,ShortStairs,7590,300,1650,5.88808,325,1675,26.0946,7555;7574;7566;7561
721,Side,7596,1675,525,52.7006,1775,675,56.0312,5043;1547;7659;7671;7682
722,Pit,7598,1525,325,-173.862,1575,800,-14.9914,5068;7631;1462;1539;5067;5041;8263;8254
723,Side,7631,1575,775,-9.96875,1625,800,-12.9205,7683;1462;7598
724,Side,7659,1675,675,56.0312,1725,800,-0.453352,7596;1554;7671;1462;1465;7683
725,Side,7671,1725,675,56.0312,1775,775,0.494924,7596;1554;7659
726,Side,7682,1625,525,56.5141,1675,675,56.0312,5043;7596;7683;8779
727,Side,7683,1625,675,56.0312,1675,800,-10.7785,7682;7659;1462;7631
728,LongDoors,7684,975,200,9.82235,1225,775,0.506842,8778;8988;5046;5058;7717;7716;7715;3667;7750;7751;7752;7754;7755;7756
729,LongDoors,7715,950,225,14.0312,975,250,6.9895,7716;7684;7751
730,LongDoors,7716,950,200,14.0312,975,225,8.40592,7684;7715
731,LongDoors,7717,975,775,8.03125,1000,800,-0.213214,7684;5046;1092;1046
732,LongDoors,7750,950,350,14.0312,975,425,7.84774,7752;7684;7755
733,LongDoors,7751,950,250,14.0312,975,300,5.81326,7715;7684;7752
734,LongDoors,7752,950,300,14.0312,975,350,5.90765,7751;7684;7750
735,LongDoors,7754,950,525,14.0312,975,600,7.37012,7756;7684
736,LongDoors,7755,950,425,14.0312,975,475,6.67696,7750;7684;7756
737,LongDoors,7756,950,475,14.0312,975,525,7.05884,7755;7684;7754
738,OutsideLong,7757,150,125,8.03125,225,250,0.0366268,7772;7773;8789;5367
739,OutsideLong,7758,175,25,7.14119,225,100,2.53125,8787;7773;7760
740,TopofMid,7759,125,250,0.707645,150,300,-2.8012,5367;67;7762
741,OutsideLong,7760,150,0,8.03125,175,50,7.06202,7758
742,TopofMid,7762,100,275,1.07687,125,300,-1.01549,7759;67
743,OutsideLong,7772,125,100,0.03125,175,125,8.03125,7773;7757
744,OutsideLong,7773,175,100,8.03125,225,125,4.06751,7758;8789;7757;7772
745,OutsideLong,7774,150,-375,0.03125,225,-275,0.03125,8794;8791;7776;7292;7311
746,OutsideLong,7776,150,-275,1.02535,225,-175,8.03125,7774;8792;7777
747,OutsideLong,7777,150,-150,44.0018,200,-100,44.0018,7776;8787;8792
748,TopofMid,7788,-700,325,8.11526,-550,500,7.77048,7791;7790;7819;7820;7821;7789
749,TopofMid,7789,-625,500,8.03125,-525,625,8.03125,7788;7821;1714;1713
750,TopofMid,7790,-650,200,8.29746,-550,325,5.93281,7818;7819;7788;7801;7791
751,TopofMid,7791,-700,275,8.4884,-650,325,9.42843,7801;7790;7788
752,TopofMid,7801,-675,250,8.38341,-650,275,8.83594,7790;7791
753,TopofMid,7810,-525,225,3.59015,-500,250,0.270708,7812;1077;7811;7818
754,TopofMid,7811,-525,250,2.53125,-500,275,0.270708,7810;1077;340;7818
755,TopofMid,7812,-525,200,6.32763,-500,225,0.206766,1077;7810;7818
756,TopofMid,7818,-550,200,9.08215,-525,275,2.53125,7811;7810;7812;7819;7790
757,TopofMid,7819,-550,275,6.10509,-525,350,2.53125,7818;1714;340;7820;7788;7790
758,TopofMid,7820,-550,350,5.42141,-525,425,5.00277,7819;1714;7821;7788
759,TopofMid,7821,-550,425,6.108,-525,500,8.03125,7820;1714;7789;7788
760,Middle,7822,-350,1400,-28.4592,-275,1475,-29.1057,7825;5268;5241;5319;6695
761,Middle,7825,-375,1350,-129.018,-350,1375,-127.354,5245;6695
762,BombsiteB,7848,-1743.46,2650,60.6884,-1722.9,2800,60.6884,8802;1572;7849;6812
763,BombsiteB,7849,-1743.46,2800,60.6884,-1722.9,2861.16,60.6884,7848;7970;6831
764,BombsiteB,7855,-1700,1800,1.6942,-1675,1850,0.03125,1683;7911;1650
765,BombsiteB,7856,-1575,1725,2.03815,-1550,1800,0.03125,7925;7927;8576;7879
766,BombsiteB,7860,-1475,1825,0.03125,-1450,1900,2.43522,1672;1643;1648;8551;8573
767,BombsiteB,7863,-1675,1700,0.244065,-1650,1725,1.10826,1642;1652;1644
768,BombsiteB,7878,-1625,1750,0.269272,-1600,1775,0.03125,7879;8561;1685
769,BombsiteB,7879,-1600,1750,1.70869,-1575,1800,0.03125,7856;7878;8561
770,BombsiteB,7911,-1725,1850,0.03125,-1675,1875,0.03125,1650;7855;8547;3745
771,BombsiteB,7914,-1650,1900,0.03125,-1600,1950,0.03125,8544;1640;8546
772,BombsiteB,7925,-1550,1750,0.61211,-1525,1775,1.29844,7927;7856
773,BombsiteB,7927,-1550,1775,0.41849,-1500,1825,1.37422,7925;7930;8574;7856;8576
774,BombsiteB,7930,-1500,1800,1.7763,-1475,1825,2.0457,8551;7927
775,BombsiteB,7931,-2050,3075,33.3376,-1975,3125,32.7041,6841;6807
776,MidDoors,7933,-425,2325,-117.687,-325,2375,-103.312,8492;8312;1892
777,BombsiteA,7935,1275,2875,126.519,1300,2925,127.178,4967;4162;4140
778,BombsiteB,7939,-2200,2100,4.67292,-2125,2300,2.27028,3737;8804
779,BombsiteB,7946,-2175,2350,11.1837,-2125,2400,15.9797,8804
780,UpperTunnel,7956,-1750,1300,37.1469,-1675,1400,42.211,7963;7957
781,UpperTunnel,7957,-1825,1325,36.1956,-1750,1400,43.4276,7956;1229
782,UpperTunnel,7963,-1725,1275,35.0113,-1675,1300,37.0894,7998;7956
783,BombsiteB,7968,-2175,1800,8.3402,-2125,1925,5.96995,3740;8039;7969
784,BombsiteB,7969,-2175,1925,12.0859,-2125,2025,5.73789,7968;3740
785,BombsiteB,7970,-1700,2750,13.399,-1625,2850,10.7098,1599;1606;7972;7849
786,BombsiteB,7971,-1525,2775,7.20108,-1475,2850,5.17255,1576;8363;7972
787,BombsiteB,7972,-1625,2800,12.4221,-1525,2850,6.71257,7971;7970
788,BombsiteB,7991,-1550,2725,6.54403,-1525,2750,7.04455,1619;1576
789,UpperTunnel,7998,-1725,1200,32.0312,-1575,1275,32.0312,1245;6617;8002;7963;5365
790,UpperTunnel,8001,-1500,1200,32.0312,-1375,1275,32.0312,6616;6641;8002
791,UpperTunnel,8002,-1575,1200,32.0312,-1500,1250,32.0312,6616;6617;8001;7998
792,MidDoors,8020,-500,1575,-127.648,-475,1600,-129.666,6697
793,MidDoors,8021,-450,1550,-129.752,-400,1575,-131.828,6698;6715;6697
794,LongA,8022,1375,1450,-12.1905,1425,1500,-13.7427,4184;4194;4218;4271
795,LongA,8023,1575,1300,-0.792875,1600,1350,0.03125,4993
796,OutsideTunnel,8026,-1325,300,8.03125,-1300,400,8.61198,6608;6589;6594
797,OutsideTunnel,8028,-1400,475,9.99597,-1350,500,8.03125,6590;8031;8233
798,OutsideTunnel,8030,-1350,400,7.87948,-1325,450,8.03125,6594;8031;6590
799,OutsideTunnel,8031,-1350,450,7.94846,-1325,500,8.29855,8030;6590;8028
800,UpperTunnel,8036,-1975,1450,29.3831,-1925,1600,34.0896,8043;8064;8083;8062;8063
801,BombsiteB,8039,-2125,1800,3.20093,-2075,1850,0.03125,8047;8066;3740;7968
802,UpperTunnel,8043,-1975,1400,27.5736,-1950,1450,31.4954,8224;8036;8062
803,UpperTunnel,8047,-2075,1800,8.03125,-2050,1825,16.0312,8048;8066;8039
804,UpperTunnel,8048,-2050,1800,24.0312,-2025,1825,16.0312,8075;8066;8047
805,UpperTunnel,8061,-1950,1800,32.0112,-1925,1825,16.0312,8082;8069;8075
806,UpperTunnel,8062,-2025,1400,30.3971,-1975,1500,30.9372,8224;8043;8036;8063
807,UpperTunnel,8063,-2025,1500,32.5896,-1975,1600,31.1204,8062;8036;8083
808,UpperTunnel,8064,-1950,1600,32.4154,-1925,1675,34.0896,8036;8065;8083
809,UpperTunnel,8065,-1950,1675,32.4934,-1925,1750,32.7843,8064;8083
810,BombsiteB,8066,-2075,1825,8.03125,-2000,1850,0.844004,8047;8048;8075;8068;3740;3739;8039
811,BombsiteB,8068,-2000,1825,16.0312,-1950,1850,0.781025,8075;8069;3739;8066
812,BombsiteB,8069,-1950,1825,16.0312,-1900,1850,0.03125,8061;8082;8080;3739;8068
813,LowerTunnel,8070,-550,1375,-113.333,-500,1475,-111.969,6695;1287
814,UpperTunnel,8075,-2025,1750,31.9488,-1950,1825,16.0312,8083;8061;8066;8068;8048
815,BombsiteB,8080,-1900,1825,16.0312,-1875,1850,0.03125,8081;3739;8069
816,BombsiteB,8081,-1900,1800,16.0312,-1875,1825,0.03125,8080;8082
817,UpperTunnel,8082,-1925,1800,32.0112,-1900,1825,16.0312,8081;8069;8061
818,UpperTunnel,8083,-2025,1600,31.6634,-1950,1750,32.1223,8063;8036;8064;8065;8075
819,TSpawn,8090,-1675,-325,128.031,-1425,-275,128.031,8092;8833;1425;1426;1958;7475
820,TSpawn,8092,-1700,-475,128.031,-1425,-325,128.031,8809;8831;8090;7389;7503
821,TSpawn,8096,-1750,-750,128.357,-1425,-625,128.455,8098;8827;8808;8809;6994
822,TSpawn,8098,-1750,-1025,128.031,-1425,-750,128.417,7192;7193;7194;7195;8825;8096;6996;6994;7029
823,TSpawn,8100,25,-1175,1.3735,150,-1125,0.192738,1975;1974
824,Side,8101,1700,925,-7.81532,1775,975,0.0333614,1465;1462;1464
825,ShortStairs,8107,425,1700,3.16708,500,1750,5.77075,4057;4119
826,TopofMid,8109,-150,475,-3.96875,-125,525,1.69944,67;8111;8984
827,TopofMid,8111,-125,475,-0.1851,-100,500,2.54486,67;8109
828,Catwalk,8112,-150,1300,-1.35399,-100,1350,-0.885485,8114;8113;317;8775;1085
829,Catwalk,8113,-100,1325,1.8067,-75,1350,-1.34275,8775;8112
830,Catwalk,8114,-150,1275,-1.35399,-125,1300,0.178741,8112;1085
831,TSpawn,8116,-875,-675,127.701,-825,-650,128.668,8118;8127
832,TSpawn,8118,-875,-725,120.487,-825,-675,127.82,7165;7187;2059;8127;8116
833,TSpawn,8123,-975,-750,119.476,-925,-725,120.504,6993;8124;7001
834,TSpawn,8124,-925,-750,119.415,-875,-725,120.49,6993;7165;8123
835,ShortStairs,8126,400,1450,-0.266985,450,1525,0.184435,4054;4113;7557;7543
836,TSpawn,8127,-825,-700,128.031,-775,-650,128.796,2059;9001;8116;8118
837,OutsideTunnel,8143,-1525,-50,4.73752,-1475,0,8.03125,8144;3789;3904
838,OutsideTunnel,8144,-1525,-125,8.66552,-1500,-50,6.47419,8143;3904;8147
839,OutsideTunnel,8147,-1675,-125,8.38841,-1525,-75,8.03125,8144;3787;3904;8149
840,OutsideTunnel,8149,-1725,-100,8.16364,-1675,-75,8.03125,8147;3787;3859
841,OutsideTunnel,8165,-2018,550,35.3238,-1900,600,33.3582,8231;8166;8167
842,OutsideTunnel,8166,-1900,550,32.7464,-1875,600,32.5731,1391;8165
843,OutsideTunnel,8167,-2042,550,35.3239,-2017,600,34.2484,8231;8165
844,OutsideTunnel,8200,-2000,475,9.83151,-1925,500,10.7749,3781;8201;9005
845,OutsideTunnel,8201,-1925,475,9.34165,-1875,500,9.2244,3781;3777;8202;8200
846,OutsideTunnel,8202,-1875,475,9.18366,-1800,500,8.04749,3777;8201
847,OutsideTunnel,8203,-2050,400,7.73899,-2025,450,8.23351,7474;3781
848,OutsideTunnel,8205,-1450,600,32.5031,-1425,675,36.1263,212;3951
849,UpperTunnel,8209,-2050,1025,32.0312,-2000,1050,32.0312,8223;8222
850,UpperTunnel,8212,-1950,1025,32.0312,-1925,1050,32.0312,1226;8223
851,UpperTunnel,8216,-2175,1225,32.0312,-2050,1275,32.0312,8220;8224;8217
852,UpperTunnel,8217,-2200,1225,32.0312,-2175,1250,32.0312,8220;8216
853,UpperTunnel,8220,-2200,1050,32.0312,-2050,1225,32.0312,8222;8223;8216;8217
854,UpperTunnel,8222,-2175,1025,32.0312,-2050,1050,32.0312,8209;8220
855,UpperTunnel,8223,-2050,1050,32.0312,-1925,1225,32.0312,8209;8212;1226;8224;8220
856,UpperTunnel,8224,-2050,1225,32.0312,-1925,1400,32.0312,8223;1229;1230;8043;8062;8216
857,OutsideLong,8225,325,-600,-1.42244,350,-575,0.0416546,7222;7208
858,TopofMid,8228,-400,250,-0.105752,-375,300,-1.85895,8230;1714;1077
859,TopofMid,8230,-375,275,-0.708466,-350,300,-1.41577,1714;8228
860,OutsideTunnel,8231,-2035.51,513.814,64.0312,-1891.12,534.626,64.0312,8200;8165;8167
861,OutsideTunnel,8232,-1510.5,514.87,64.0312,-1328.63,534.68,64.0312,8028;6615;8233;212
862,OutsideTunnel,8233,-1450,475,9.87637,-1400,500,9.99131,3935;6590;8028;6615
863,ExtendedA,8234,520.862,2268.34,123.85,542.717,2399.92,123.85,8594;8782
864,BombsiteA,8235,521.159,2400.55,124.371,726.66,2421.31,124.371,8250;8594;1787;1727;1788
865,UnderA,8250,642.265,2331.23,-1.33644,707.331,2397.22,-1.33644,8604;6964
866,,8251,12.593,2109.15,-133.158,381.293,2166.35,-133.158,
867,BombsiteA,8252,1253.65,2309.83,125.27,1280,2475.31,125.27,4933;4310;9000;7549;7548;8981
868,BombsiteA,8253,833.929,2398.94,124.212,996.42,2421.87,124.212,8669;8631;1724;8773
869,Pit,8254,1375,550,-93.7931,1525,750,-20.9911,5041;7598;8263;8286;8287;8284;8285
870,LongA,8255,1325,775,-15.5239,1500,950,-10.6244,8285;8286;8287;8263;4191;5044;5211;5121
871,LongA,8263,1500,750,-20.8448,1525,950,-10.6244,8254;7598;1539;1540;1541;4191;8255;8287
872,Pit,8284,1325,550,-91.0023,1375,675,-46.9176,5217;5041;8254;8285;5211;5210
873,Pit,8285,1325,675,-44.1269,1375,775,-16.035,8284;8254;8286;8255;5211
874,Pit,8286,1375,750,-22.1708,1450,775,-15.577,8254;8287;8255;8285
875,Pit,8287,1450,750,-21.8201,1500,775,-15.1857,8254;8263;8255;8286
876,LongA,8289,1775,1900,0.812007,1800,1950,0.864952,8919;4998;1799;1794
877,LongA,8290,1650,2150,0.03125,1775,2250,3.46196,8292;1799;8998;8999;8526
878,LongA,8292,1725,2100,0.03125,1750,2150,0.03125,1799;8290
879,LowerTunnel,8300,-1200,1475,-76.6194,-1100,1525,-74.9979,1290;8303
880,LowerTunnel,8303,-1100,1475,-74.9998,-1075,1500,-74.9955,1293;8300
881,MidDoors,8307,-750,2100,-118.502,-725,2125,-119.78,8541;8472;1898
882,BDoors,8310,-875,2075,-84.2532,-825,2100,-104.953,8311;1898
883,BDoors,8311,-825,2075,-100.951,-750,2100,-118.502,1898;8310
884,MidDoors,8312,-425,2375,-105.296,-325,2425,-84.52,7933;1892
885,BDoors,8345,-1200,2575,47.9468,-1100,2625,54.2015,7542;9119;7525;7518;8653
886,OutsideTunnel,8357,-1400,25,72.0312,-1375,50,72.0312,3924;3789
887,OutsideTunnel,8358,-1425,0,72.0312,-1400,25,72.0312,3932;3924;8362
888,OutsideTunnel,8359,-1450,-100,72.0312,-1425,-75,72.0312,8361;8144
889,OutsideTunnel,8361,-1450,-75,72.0312,-1425,-25,72.0312,8359;8362;8143
890,OutsideTunnel,8362,-1450,-25,72.0312,-1425,25,72.0312,8361;8358;3932;8143;3789
891,BombsiteB,8363,-1475,2775,8.76422,-1425,2825,7.47931,1576;1636;8364;7971
892,BombsiteB,8364,-1425,2750,14.661,-1400,2800,11.9749,8366;8363;1636
893,BombsiteB,8366,-1400,2750,17.2984,-1350,2775,14.7227,8364
894,TRamp,8370,-2050,-650,128.031,-1800,-125,8.39472,6994;3785;3814;257;3941;3939;3940;3938
895,MidDoors,8472,-750,2125,-119.237,-575,2325,-118.505,8307;8541;8542;8490;8494;1891;1892;1898
896,MidDoors,8489,-450,2000,-129.74,-225,2150,-129.959,5222;5228;1384;1387;8491;8499;8490
897,MidDoors,8490,-575,2000,-118.162,-450,2225,-131.178,5228;8499;8513;8489;8494;8472;8542
898,MidDoors,8491,-325,2150,-129.562,-225,2275,-121.227,8489;1384;8519;8499;8492
899,MidDoors,8492,-425,2200,-132.522,-325,2325,-113.356,8499;8491;8519;7933;8513;8494
900,MidDoors,8494,-575,2225,-124.16,-425,2325,-116.851,8490;8513;8492;1892;8472
901,MidDoors,8499,-450,2150,-133.052,-325,2200,-127.584,8489;8491;8513;8492;8490
902,MidDoors,8513,-450,2200,-132.258,-425,2225,-131.216,8499;8492;8494;8490
903,MidDoors,8519,-325,2275,-122.092,-275,2300,-118.958,8491;8492
904,LongA,8523,1625,1725,0.03125,1650,2075,-0.212483,1794;4385;4215;4168;4863
905,LongA,8526,1600,2150,-8.65888,1650,2250,1.11211,8527;8530;8290;4937;8998;4179
906,LongA,8527,1600,2100,-9.00394,1625,2150,-4.22072,4882;8530;8526;4179
907,LongA,8530,1625,2125,-4.41882,1650,2150,0.217442,8526;8527
908,MidDoors,8531,-600,1875,-119.005,-575,1925,-120.789,5356;5220;5228
909,MidDoors,8534,-600,1800,-113.723,-575,1825,-116.218,5220;5356
910,MidDoors,8541,-725,2100,-119.395,-650,2125,-119.582,8542;8472;8307
911,MidDoors,8542,-650,2100,-117.893,-575,2125,-122.007,8490;8472;8541
912,BombsiteB,8544,-1600,1925,0.03125,-1575,1950,0.03125,1640;7914
913,BombsiteB,8546,-1725,1900,0.03125,-1650,1950,0.03125,8547;8553;7914;1640;3743
914,BombsiteB,8547,-1725,1875,0.03125,-1675,1900,0.03125,7911;8553;8546;3743
915,BombsiteB,8550,-1500,1900,0.210297,-1475,1950,2.4913,8573;1648;60
916,BombsiteB,8551,-1500,1825,0.03125,-1475,1875,0.714939,7930;7860;8573;8574
917,BombsiteB,8553,-1675,1875,-0.146673,-1650,1900,-1.10449,8546;8547
918,BombsiteB,8561,-1625,1775,0.03125,-1600,1800,0.03125,7878;7879
919,BombsiteB,8573,-1500,1875,0.03125,-1475,1900,0.893978,8551;7860;8550
920,BombsiteB,8574,-1550,1825,0.03125,-1500,1850,0.03125,7927;8551
921,BombsiteB,8576,-1575,1800,0.03125,-1550,1825,0.03125,7856;7927
922,TSpawn,8577,-350,-725,80.3605,-250,-650,62.9374,1972;8585;2115;8587;8588;8972
923,TSpawn,8585,-250,-675,62.4789,-225,-650,56.6874,2115;2005;8577
924,TSpawn,8587,-337.65,-639.204,104.031,-300,-619.818,104.031,8577;8588;1078
925,TSpawn,8588,-300,-639.204,104.031,-261.71,-619.818,104.031,8577;1078;8587
926,TSpawn,8589,-1793.23,-300.862,160.031,-1776.3,-275.556,160.031,8592;7481;1212
927,TSpawn,8591,-1790.69,-411.254,160.031,-1769.75,-325,160.031,8806;7516;8592;8370
928,TSpawn,8592,-1790.69,-325,160.031,-1769.75,-303.33,160.031,8591;8589
929,TSpawn,8593,-182.972,-638.887,64.0312,-134.005,-618.675,64.0312,2005;8812;1079
930,UnderA,8594,550,2325,14.0312,575,2375,14.0312,1837;8609;8600
931,UnderA,8600,575,2350,14.0312,600,2375,-22.9688,8609;8602;8594
932,UnderA,8601,600,2325,-18.6063,625,2350,-22.9688,8607;8602;8609
933,UnderA,8602,600,2350,-22.9688,625,2375,-22.9688,8601;8600
934,UnderA,8604,650,2300,-42.2806,700,2325,-28.9115,6964;8250;8606
935,UnderA,8606,625,2300,-11.7611,650,2325,-42.2806,8604;8607
936,UnderA,8607,600,2300,-18.6063,625,2325,-11.761,8606;8601
937,UnderA,8609,575,2325,14.0312,600,2350,-22.9688,8601;8600;8594
938,BombsiteA,8631,1000,2400,127.031,1025,2425,127.031,8639;8253
939,BombsiteA,8638,1025,2300,127.031,1050,2375,127.031,152;8639;8671
940,BombsiteA,8639,1025,2375,127.031,1050,2425,127.031,8638;152;8631
941,BDoors,8653,-1225,2575,57.6433,-1200,2650,70.9195,9115;7518;8345;8654
942,BDoors,8654,-1225,2650,73.3904,-1200,2700,83.8842,8653;7518;8659
943,Hole,8655,-1400,2675,125.031,-1350,2725,130.031,8661;8664;8666;8366;1635
944,Hole,8657,-1267,2600,102.031,-1242,2625,112.26,8658
945,Hole,8658,-1267,2625,112.26,-1242,2650,117.687,8657;8659
946,Hole,8659,-1267,2650,128.337,-1242,2700,117.687,8658;8654;8667
947,Hole,8661,-1400,2650,124.304,-1375,2675,125.031,8662;8664;8655;8973
948,Hole,8662,-1400,2625,119.031,-1375,2650,124.304,8663;8661
949,Hole,8663,-1400,2600,119.031,-1375,2625,119.031,1571;8662;1314
950,Hole,8664,-1375,2650,124.304,-1350,2675,130.031,8666;8655;8661
951,Hole,8666,-1339.27,2653.03,124.106,-1300,2697.72,128.863,8667;8655;8664
952,Hole,8667,-1300,2653.03,131.348,-1274.21,2697.72,124.106,8659;8666
953,UnderA,8668,1075,2025,1.58092,1250,2275,5.41169,4955;4956;4957;4201;4958;8690;8672
954,UnderA,8669,800,2175,-51.7351,925,2375,-6.87699,8677;8671;8770;8771;6964;8670;6980
955,UnderA,8670,550,2075,-109.953,800,2275,-42.0545,8669;8677;6964;1835;1836;1837;9018
956,UnderA,8671,925,2275,-4.63014,1000,2375,18.7871,8672;8771;8669
957,UnderA,8672,950,2075,-18.3856,1075,2275,14.2002,242;8690;8668;8671;8677;8770;8771
958,UnderA,8677,800,2075,-47.7738,950,2175,-10.8212,242;8672;8669;8770;8670
959,UnderA,8690,1025,2025,2.3012,1075,2075,0.157021,8668;8672;242
960,UnderA,8770,925,2175,-14.8947,950,2225,-3.21793,8677;8672;8771;8669
961,UnderA,8771,925,2225,-8.08074,950,2275,3.63528,8770;8672;8671;8669
962,BombsiteA,8773,800,2400,127.031,825,2425,127.031,8669;8253
963,BombsiteA,8774,1125,2475,96.0312,1175,2550,96.0312,7548;1409;1402;1405
964,Catwalk,8775,-125,1350,0.03125,50,1525,0.03125,8112;8113;66;8776;317;123
965,Catwalk,8776,-125,1525,0.03125,50,1575,0.03125,8775
966,Catwalk,8777,-254.616,1397.56,32.0312,-231.336,1516.25,32.0312,8964;123;7822
967,LongDoors,8778,1248.45,513.792,32.0312,1272.47,703.894,32.0312,8988;5210;7684
968,Side,8779,1593.42,523.846,80.0312,1615.56,662.916,80.0312,7682;7598
969,ExtendedA,8781,275,2150,96.0312,300,2425,96.0312,303;8782;301
970,ExtendedA,8782,300,2150,96.0312,525,2425,96.0312,95;133;8234;1723;8781
971,Middle,8784,-259.031,925,32.0312,-231.463,1210.14,32.0312,1083;1084;8964;5225;5341
972,OutsideLong,8787,225,-125,8.03125,375,100,0.773377,8792;8840;8789;7758;7777
973,OutsideLong,8789,225,100,0.03125,375,250,0.03125,8787;8924;5367;7757;7773
974,OutsideLong,8791,225,-375,-6.15187,375,-275,0.797891,8794;8846;8792;7774
975,OutsideLong,8792,225,-275,-0.47862,375,-125,4.57616,8791;8846;8787;7776;7777
976,OutsideLong,8794,150,-500,0.03125,375,-375,0.03125,7208;7222;8791;7774;7233;7310;7311
977,,8797,1325,2350,18.2245,1350,2400,21.7265,4310;4946;8798
978,,8798,1325,2400,29.581,1350,2450,33.4452,8797;4946;4933
979,,8799,450,1975,132.031,500,2025,132.031,1414;133;4048
980,,8800,-2100,2425,66.0312,-2050,2500,66.0312,8804;8801;6953;6802
981,,8801,-2050,2450,66.0312,-2025,2500,66.1094,6802;8800
982,BombsiteB,8802,-1742.99,2430.2,66.0312,-1721.38,2647.55,66.0312,1572;6806;6834;7848;6803;8803
983,BombsiteB,8803,-1856.05,2433.3,66.0312,-1745.88,2455.07,66.0312,8802;6803
984,BombsiteB,8804,-2125,2275,1.29248,-2025,2425,20.3379,3737;8805;8800;7946;7939
985,BombsiteB,8805,-2025,2275,0.573404,-1875,2425,14.2467,3734;3767;6815;6816;8804
986,TSpawn,8806,-1790.17,-476.994,160.031,-1768.98,-412.438,160.031,8807;7503;8591;8370
987,TRamp,8807,-1792.6,-625.542,160.031,-1769.27,-477.536,160.031,8808;8806;8370
988,TSpawn,8808,-1750,-625,128.505,-1700,-475,128.654,8096;8809;7503;8807
989,TSpawn,8809,-1700,-625,128.497,-1425,-475,128.5,8096;8829;8092;8808
990,TSpawn,8810,-150,-775,24.7615,-50,-700,11.2337,7209;7228;8811;1972;2005
991,TSpawn,8811,-150,-700,32.5967,-50,-650,16.3517,8810;7229;8812;2005
992,TSpawn,8812,-132.848,-637.478,64.0312,-62.374,-618.162,64.0312,8811;8593
993,,8816,1250,2750,97.0552,1275,2775,127.031,8820;8817;1177
994,,8817,1250,2775,108.342,1275,2800,127.031,8816;8820;4140;755
995,,8820,1275,2750,127.031,1300,2800,118.562,8991;4934;4156;8816;8817
996,CTSpawn,8821,200,2050,-127.969,350,2300,-122.176,9020;9021;4019;1803;1801
997,CTSpawn,8823,100,2325,-119.969,350,2550,-119.969,4019;9013;9015;4043;4044;9002
998,TSpawn,8825,-1425,-1025,128.334,-1250,-750,128.449,7198;7199;8826;8827;8098
999,TSpawn,8826,-1250,-1025,128.498,-1050,-750,128.486,7200;7201;5573;7204;7205;7206;7207;8828;8825
1000,TSpawn,8827,-1425,-750,128.417,-1250,-625,128.427,8825;8828;8829;8096
1001,TSpawn,8828,-1250,-750,128.449,-1050,-625,128.397,8826;7001;8830;8827
1002,TSpawn,8829,-1425,-625,128.455,-1250,-475,128.401,8827;8830;8831;8809
1003,TSpawn,8830,-1250,-625,128.427,-1050,-475,128.289,8828;7136;8832;8829
1004,TSpawn,8831,-1425,-475,128.031,-1250,-325,128.031,8829;8832;8833;8092
1005,TSpawn,8832,-1250,-475,128.031,-1075,-325,128.031,8830;1971;7037;7136;8834;8831
1006,TSpawn,8833,-1425,-325,128.031,-1250,-275,128.031,8831;8834;8090
1007,TSpawn,8834,-1250,-325,128.031,-1075,-275,128.031,8832;1971;6982;8833
1008,BombsiteB,8835,-1486.25,2622.66,59.9561,-1462.03,2654.29,59.9561,1313;8973
1009,OutsideLong,8840,375,-125,3.89347,600,100,-1.86343,8846;8851;8914;8924;8787
1010,OutsideLong,8846,375,-375,-1.72096,600,-125,-0.606471,1208;8852;8869;8911;8912;8913;8914;8840;8791;8792
1011,,8848,625,-300,0.0216255,725,-175,1.03125,8887;8852;8917;8918;8911;8912;8913
1012,,8849,650,75,-0.905142,725,250,0.0804539,8916;8961;8962;8963;8851;8925
1013,,8851,600,50,-2.99963,650,100,-1.25788,8849;8925;8840
1014,,8852,600,-350,4.84787,700,-300,2.30664,8855;8869;8887;8848;8911;8846
1015,,8855,650,-400,8.03125,700,-350,6.74017,8852;1209;8869
1016,,8869,600,-375,7.41903,650,-350,4.81564,1209;8855;8852;8846
1017,,8887,700,-325,4.04048,725,-300,2.06856,8917;8848;8852
1018,,8911,600,-300,0.0250113,625,-250,-2.47978,8852;8848;8912;8846
1019,,8912,600,-250,-2.24951,625,-200,-2.74193,8911;8848;8913;8846
1020,,8913,600,-200,-3.66656,625,-150,-3.34638,8912;8848;8914;8846
1021,,8914,600,-150,-4.50217,625,-75,-2.04037,8913;8840;8846
1022,,8915,700,-25,0.03125,725,25,2.04232,8958;8916
1023,,8916,700,25,0.03125,725,75,2.28176,8915;8959;8849
1024,,8917,725,-325,7.39178,750,-250,8.03125,8918;8848;8887
1025,,8918,725,-250,2.77897,750,-175,8.03125,8917;8965;8848
1026,,8919,1775,1825,1.17028,1800,1900,2.36496,4923;8289;1794
1027,OutsideLong,8924,375,100,0.03125,600,250,0.03125,8840;8925;1455;7343;8789
1028,OutsideLong,8925,600,100,0.03125,650,250,0.03125,8851;8849;1437;8924
1029,,8956,725,-125,0.786037,750,-75,8.03125,8965;8957
1030,,8957,725,-75,0.226288,750,-25,8.03125,8956;8958
1031,,8958,725,-25,0.03125,750,25,8.03125,8957;8959;8915
1032,,8959,725,25,2.04232,750,75,8.03125,8958;8962;8916
1033,,8961,725,175,1.91397,750,250,8.03125,8963;8849
1034,,8962,725,75,2.28175,750,125,8.03125,8959;8963;8849
1035,,8963,725,125,2.37193,750,175,8.03125,8962;8961;8849
1036,Middle,8964,-254.894,1211.03,32.0312,-233.608,1396.22,32.0312,8784;1085;8777;5225;5245
1037,,8965,735.75,-174.493,1.69232,764.207,-124.793,1.69232,8918;8956
1038,,8966,-475,-650,117.365,-450,-625,144.377,2000;8967;1074
1039,,8967,-450,-650,111.94,-425,-625,138.01,8972;8970;1074;8966
1040,,8968,-375,-650,93.9614,-350,-625,118.907,8972;1078;8969
1041,,8969,-400,-650,100.255,-375,-625,125.277,8972;8968;1074;1078;8970
1042,,8970,-425,-650,106.516,-400,-625,131.644,8972;8969;1074;8967
1043,TSpawn,8971,-450,-775,97.4273,-350,-725,80.0195,1976;1972;8972;1999
1044,TSpawn,8972,-450,-725,103.232,-350,-650,87.9068,8971;8577;8967;8968;8969;8970;2000
1045,BombsiteB,8973,-1600,2600,-1.02325,-1500,2675,5.5976,1621;1578;8835;8974;1572
1046,BombsiteB,8974,-1600,2675,4.7465,-1500,2700,7.17695,8973;1630;1619;1576;1572
1047,ARamp,8977,1375,2800,110.39,1400,2825,113.791,4934;4272;4219;8979
1048,,8979,1325,2800,111.46,1375,2825,114.694,4934;8977
1049,,8981,1125,2375,96.086,1250,2425,98.4876,7549;8252;7548;152
1050,TopofMid,8984,-250,300,0.03125,-150,525,0.03125,67;8109;8985;1714
1051,TopofMid,8985,-250,525,0.03125,-150,550,0.03125,8984;1719;1714
1052,,8986,-275,-500,-0.648104,-225,-475,9.03125,1078;7351;7362
1053,LongDoors,8988,1243.97,328.786,32.0312,1271.92,513.547,32.0312,5207;8778;7684
1054,Side,8989,1593.61,326.723,80.0313,1615.31,523.543,80.0313,5043;7598
1055,BombsiteA,8990,1256.33,2561.06,127.031,1279.04,2625,127.031,4933;8991;1409
1056,BombsiteA,8991,1256.33,2625,127.031,1279.04,2748.73,127.031,8990;4934;8820;1409
1057,,8998,1625,2250,0.031249,1700,2275,11.0312,8526;8290;8999;4937
1058,,8999,1700,2250,4.54128,1775,2275,5.87283,8290;8998
1059,BombsiteA,9000,1288.03,2369,76.4917,1310.36,2416.08,76.4917,4310;8797;8798;4933
1060,,9001,-775,-700,129.031,-725,-650,129.931,1998;1978;8127
1061,,9002,75,2450,-117.949,100,2525,-119.605,4044;8823
1062,,9004,-1800,550,32.1054,-1775,600,31.316,3990;3991;6583
1063,,9005,-2025,475,10.4627,-2000,500,11.8209,3781;8200
1064,CTSpawn,9013,350,2325,-119.969,500,2500,-119.969,4019;9015;8823
1065,CTSpawn,9015,350,2500,-119.969,475,2550,-119.969,9013;8823
1066,UnderA,9018,525,2075,-121.514,550,2125,-118.355,8670;1835;9020
1067,CTSpawn,9020,350,2075,-124.066,525,2300,-115.418,9021;1835;1836;1837;9018;4019;8821
1068,CTSpawn,9021,350,2050,-124.276,500,2075,-120.164,9020;8821
1069,,9023,800,2725,96.1235,825,2775,101.02,9026;1730
1070,,9024,875,2725,96.3913,900,2750,97.4577,1726;9025
1071,,9025,875,2750,96.945,900,2775,101.918,9024;1726
1072,,9026,800,2700,95.919,825,2725,96.2092,9027;9023;1730
1073,,9027,800,2675,95.432,825,2700,95.9346,1724;9028;9026;1722
1074,,9028,825,2675,95.5617,850,2700,95.9529,1724;9027
1075,,9029,-1400,2125,1.09283,-1325,2200,1.76073,9038;9044;9045;60;1350
1076,BDoors,9030,-1275,2100,8.74,-1225,2175,3.87883,1911;6683;6670;9034
1077,,9031,-1325,2200,1.76073,-1250,2250,3.48361,9044;9034;9043;9035
1078,BDoors,9034,-1250,2175,4.01586,-1225,2250,3.45664,9030;6670;9118;9031
1079,BDoors,9035,-1275,2250,2.15676,-1250,2300,6.15729,9031;9118;9124;9043
1080,,9038,-1400,2100,2.00954,-1375,2125,1.38094,9029;60
1081,,9042,-1200,2100,8.24128,-1175,2125,4.21707,6683;1911
1082,,9043,-1300,2250,0.661412,-1275,2275,3.69668,9031;9035
1083,,9044,-1325,2175,1.82214,-1300,2200,1.34261,9031;9029
1084,,9045,-1400,2200,0.03125,-1375,2275,0.03125,9029;9046;1350
1085,,9046,-1400,2275,0.0309334,-1375,2325,0.146963,9045;1350
1086,BDoors,9049,-925,2325,-66.6181,-825,2400,-70.266,1898;9107;9105
1087,BDoors,9051,-1000,2375,-39.5925,-975,2550,-14.761,9128;9105;9106;7519;7517
1088,BDoors,9052,-925,2475,-24.9688,-825,2550,-56.7433,9108;9106
1089,BDoors,9056,-750,2425,-94.5309,-725,2550,-76.1361,1891;1841;1859;9112;9113;9114
1090,BDoors,9105,-975,2350,-51.276,-925,2450,-31.9583,9144;9049;9106;9051;9128
1091,BDoors,9106,-975,2450,-31.9583,-925,2550,-24.9688,9105;9052;9051
1092,BDoors,9107,-825,2325,-96.0316,-775,2450,-86.5314,1898;9111;9112;9108;9049
1093,BDoors,9108,-825,2450,-56.7433,-775,2550,-63.9688,9107;9113;9114;9052
1094,BDoors,9111,-775,2350,-103.05,-750,2400,-98.4294,1891;9112;9107
1095,BDoors,9112,-775,2400,-94.308,-750,2450,-89.445,9111;1891;9056;9113;9107
1096,BDoors,9113,-775,2450,-86.5314,-750,2500,-83.7611,9112;9056;9114;9108
1097,BDoors,9114,-775,2500,-68.9688,-750,2550,-63.9688,9113;9056;9108
1098,BDoors,9115,-1275,2450,35.9512,-1200,2575,56.3097,9117;9153;9119;8653
1099,BDoors,9116,-1075,2250,-17.9768,-1000,2325,-45.7031,9123;9145;1898;7519;9150
1100,BDoors,9117,-1275,2350,13.5225,-1225,2450,34.1039,9124;9135;9152;9153;9115
1101,BDoors,9118,-1250,2250,3.48361,-1200,2325,8.14813,9034;6670;9135;9152;9124;9035
1102,BDoors,9119,-1200,2425,25.6447,-1150,2575,48.8913,9125;9139;7542;7541;8345;9115;9153
1103,BDoors,9121,-1150,2175,0.0686703,-1075,2250,-17.9768,1921;9146;9123;9150;6670
1104,BDoors,9122,-1175,2350,8.42458,-1100,2400,1.02262,9151;9139;7541;9125
1105,BDoors,9123,-1075,2200,-18.8824,-1025,2250,-39.6017,9146;9145;9116;9121
1106,BDoors,9124,-1275,2300,5.68783,-1250,2350,13.653,9035;9118;9135;9117
1107,BDoors,9125,-1200,2350,12.6676,-1175,2425,21.1547,9122;9139;9119;9152;9153
1108,,9128,-1000,2325,-45.7031,-975,2375,-47.5171,1898;9144;9105;9051;7519
1109,BDoors,9135,-1250,2325,9.35249,-1225,2350,14.3403,9118;9152;9117;9124
1110,BDoors,9139,-1175,2400,15.1189,-1150,2425,15.6856,9122;7541;9119;9125
1111,,9144,-975,2325,-54.1638,-950,2350,-57.0277,1898;9105;9128
1112,BDoors,9145,-1025,2225,-40.6951,-1000,2250,-50.8726,1898;9116;9123
1113,BDoors,9146,-1075,2175,-17.1664,-1050,2200,-28.6005,9123;9121
1114,BDoors,9150,-1100,2250,-7.99588,-1075,2325,-13.407,9121;9116;9151
1115,BDoors,9151,-1100,2325,-3.31376,-1075,2400,-4.61552,9150;7519;7534;9122
1116,BDoors,9152,-1225,2325,9.34717,-1200,2400,20.9682,9118;9125;9153;9135;9117
1117,BDoors,9153,-1225,2400,25.2031,-1200,2450,30.829,9152;9125;9119;9115;9117
