id,game id,start tick,end tick,round length,warmup,freeze time end,round number,round end reason,winner,t wins,ct wins
0,0,860,1055,196,1,-1,0,-1,2,0,0
1,0,1056,1178,123,1,-1,1,-1,2,0,0
2,0,1179,13269,12091,0,3733,2,7,0,0,1
3,0,13909,28992,15084,0,16457,3,8,0,0,2
4,0,29633,44420,14788,0,32183,4,8,0,0,3
5,0,45058,53410,8353,0,47600,5,8,0,0,4
6,0,54051,68137,14087,0,56600,6,9,1,1,4
7,0,68777,83883,15107,0,71322,7,8,0,1,5
8,0,84525,100874,16350,0,87072,8,8,0,1,6
9,0,101514,118055,16542,0,104061,9,1,1,2,6
10,0,118694,135947,17254,0,121241,10,12,0,2,7
11,0,136586,156172,19587,0,144270,11,8,0,2,8
12,0,156812,174581,17770,0,159359,12,9,1,3,8
13,0,175219,189230,14012,0,177763,13,8,0,3,9
14,0,189870,205964,16095,0,197732,14,8,0,3,10
15,0,206606,223860,17255,0,209155,15,12,0,3,11
16,0,224500,236055,11556,0,227045,16,8,0,3,12
17,0,237955,272694,34740,0,262397,17,8,0,12,4
18,0,273335,281797,8463,0,275885,18,8,0,12,5
19,0,282436,301524,19089,0,284986,19,7,0,12,6
20,0,302164,316022,13859,0,304708,20,1,1,13,6
21,0,316662,332789,16128,0,319209,21,9,1,14,6
22,0,333429,348586,15158,0,335973,22,9,1,15,6
23,0,349227,355488,6262,0,351773,23,8,0,15,7
24,0,356128,376266,20139,0,358675,24,7,0,15,8
25,0,376906,388461,11556,0,379450,25,8,0,15,9
26,0,389101,406765,17665,0,391649,26,9,1,16,9
